#Time elapsed: 65.66236233711243
#alpha: 0.27, px1: 0.25, px2: 0.25, T max: 2000, n realizations: 10, n nodes: 10, p: 1, ns: 50
#s1_s2_x_errx
0.5,nan,0.21999999999999997,0.012649110640673514
0.5102040816326531,0.5,0.5,0.15811388300841897
0.5102040816326531,0.5102040816326531,0.2,0.12649110640673517
0.5204081632653061,0.5,0.5,0.15811388300841897
0.5204081632653061,0.5102040816326531,0.5,0.15811388300841897
0.5204081632653061,0.5204081632653061,0.4,0.15491933384829668
0.5306122448979592,0.5,0.5,0.15811388300841897
0.5306122448979592,0.5102040816326531,0.4,0.15491933384829665
0.5306122448979592,0.5204081632653061,0.6,0.15491933384829668
0.5306122448979592,0.5306122448979592,0.1,0.09486832980505139
0.5408163265306123,0.5,0.5,0.15811388300841897
0.5408163265306123,0.5102040816326531,0.4,0.15491933384829665
0.5408163265306123,0.5204081632653061,0.2,0.1264911064067352
0.5408163265306123,0.5306122448979592,0.6,0.15491933384829665
0.5408163265306123,0.5408163265306123,0.3,0.14491376746189435
0.5510204081632653,0.5,0.4,0.15491933384829668
0.5510204081632653,0.5102040816326531,0.5,0.15811388300841897
0.5510204081632653,0.5204081632653061,0.6,0.15491933384829665
0.5510204081632653,0.5306122448979591,0.3,0.14491376746189438
0.5510204081632653,0.5408163265306122,0.3,0.14491376746189435
0.5510204081632653,0.5510204081632653,0.2,0.1264911064067352
0.5612244897959183,0.5,0.1,0.09486832980505139
0.5612244897959183,0.5102040816326531,0.5,0.15811388300841897
0.5612244897959183,0.5204081632653061,0.5,0.15811388300841897
0.5612244897959183,0.5306122448979591,0.3,0.14491376746189438
0.5612244897959183,0.5408163265306122,0.2,0.1264911064067352
0.5612244897959183,0.5510204081632653,0.2,0.1264911064067352
0.5612244897959183,0.5612244897959183,0.2,0.1264911064067352
0.5714285714285714,0.5,0.4,0.15491933384829668
0.5714285714285714,0.5102040816326531,0.2,0.1264911064067352
0.5714285714285714,0.5204081632653061,0.4,0.15491933384829668
0.5714285714285714,0.5306122448979592,0.3,0.14491376746189435
0.5714285714285714,0.5408163265306122,0.4,0.15491933384829668
0.5714285714285714,0.5510204081632653,0.2,0.1264911064067352
0.5714285714285714,0.5612244897959183,0.1,0.09486832980505139
0.5714285714285714,0.5714285714285714,0.1,0.09486832980505139
0.5816326530612245,0.5,0.7,0.14491376746189438
0.5816326530612245,0.5102040816326531,0.3,0.14491376746189435
0.5816326530612245,0.5204081632653061,0.1,0.09486832980505139
0.5816326530612245,0.5306122448979592,0.4,0.15491933384829668
0.5816326530612245,0.5408163265306123,0.5,0.15811388300841897
0.5816326530612245,0.5510204081632653,0.3,0.14491376746189435
0.5816326530612245,0.5612244897959183,0.3,0.14491376746189438
0.5816326530612245,0.5714285714285714,0.4,0.15491933384829668
0.5816326530612245,0.5816326530612245,0.0,0.0
0.5918367346938775,0.5,0.5,0.15811388300841897
0.5918367346938775,0.5102040816326531,0.1,0.09486832980505139
0.5918367346938775,0.5204081632653061,0.5,0.15811388300841897
0.5918367346938775,0.5306122448979592,0.0,0.0
0.5918367346938775,0.5408163265306123,0.2,0.1264911064067352
0.5918367346938775,0.5510204081632653,0.3,0.14491376746189438
0.5918367346938775,0.5612244897959183,0.2,0.1264911064067352
0.5918367346938775,0.5714285714285714,0.1,0.09486832980505139
0.5918367346938775,0.5816326530612245,0.1,0.09486832980505139
0.5918367346938775,0.5918367346938775,0.1,0.09486832980505139
0.6020408163265306,0.5,0.3,0.14491376746189435
0.6020408163265306,0.5102040816326531,0.3,0.14491376746189438
0.6020408163265306,0.5204081632653061,0.4,0.15491933384829665
0.6020408163265306,0.5306122448979592,0.5,0.15811388300841897
0.6020408163265306,0.5408163265306123,0.2,0.1264911064067352
0.6020408163265306,0.5510204081632653,0.4,0.15491933384829668
0.6020408163265306,0.5612244897959183,0.1,0.09486832980505139
0.6020408163265306,0.5714285714285714,0.0,0.0
0.6020408163265306,0.5816326530612245,0.2,0.12649110640673517
0.6020408163265306,0.5918367346938775,0.1,0.09486832980505139
0.6020408163265306,0.6020408163265306,0.1,0.09486832980505139
0.6122448979591837,0.5,0.4,0.15491933384829668
0.6122448979591837,0.5102040816326531,0.3,0.14491376746189438
0.6122448979591837,0.5204081632653061,0.3,0.14491376746189435
0.6122448979591837,0.5306122448979592,0.3,0.14491376746189435
0.6122448979591837,0.5408163265306123,0.3,0.14491376746189438
0.6122448979591837,0.5510204081632653,0.4,0.15491933384829665
0.6122448979591837,0.5612244897959183,0.5,0.15811388300841897
0.6122448979591837,0.5714285714285714,0.1,0.09486832980505139
0.6122448979591837,0.5816326530612245,0.4,0.15491933384829668
0.6122448979591837,0.5918367346938775,0.3,0.14491376746189435
0.6122448979591837,0.6020408163265306,0.0,0.0
0.6122448979591837,0.6122448979591837,0.1,0.09486832980505139
0.6224489795918368,0.5,0.6,0.15491933384829665
0.6224489795918368,0.5102040816326531,0.6,0.15491933384829665
0.6224489795918368,0.5204081632653061,0.6,0.15491933384829668
0.6224489795918368,0.5306122448979592,0.3,0.14491376746189438
0.6224489795918368,0.5408163265306123,0.4,0.15491933384829665
0.6224489795918368,0.5510204081632654,0.4,0.15491933384829668
0.6224489795918368,0.5612244897959184,0.2,0.1264911064067352
0.6224489795918368,0.5714285714285714,0.1,0.09486832980505139
0.6224489795918368,0.5816326530612245,0.2,0.1264911064067352
0.6224489795918368,0.5918367346938775,0.1,0.09486832980505139
0.6224489795918368,0.6020408163265306,0.1,0.09486832980505139
0.6224489795918368,0.6122448979591837,0.0,0.0
0.6224489795918368,0.6224489795918368,0.0,0.0
0.6326530612244898,0.5,0.4,0.15491933384829668
0.6326530612244898,0.5102040816326531,0.4,0.15491933384829668
0.6326530612244898,0.5204081632653061,0.3,0.14491376746189435
0.6326530612244898,0.5306122448979592,0.4,0.15491933384829668
0.6326530612244898,0.5408163265306123,0.6,0.15491933384829668
0.6326530612244898,0.5510204081632654,0.4,0.15491933384829668
0.6326530612244898,0.5612244897959184,0.3,0.14491376746189435
0.6326530612244898,0.5714285714285714,0.2,0.1264911064067352
0.6326530612244898,0.5816326530612245,0.1,0.09486832980505139
0.6326530612244898,0.5918367346938775,0.1,0.09486832980505139
0.6326530612244898,0.6020408163265306,0.2,0.1264911064067352
0.6326530612244898,0.6122448979591837,0.0,0.0
0.6326530612244898,0.6224489795918368,0.2,0.12649110640673517
0.6326530612244898,0.6326530612244898,0.0,0.0
0.6428571428571428,0.5,0.4,0.15491933384829665
0.6428571428571428,0.5102040816326531,0.6,0.15491933384829668
0.6428571428571428,0.5204081632653061,0.4,0.15491933384829668
0.6428571428571428,0.5306122448979592,0.2,0.1264911064067352
0.6428571428571428,0.5408163265306122,0.2,0.12649110640673517
0.6428571428571428,0.5510204081632653,0.3,0.14491376746189435
0.6428571428571428,0.5612244897959183,0.2,0.1264911064067352
0.6428571428571428,0.5714285714285714,0.4,0.15491933384829668
0.6428571428571428,0.5816326530612245,0.3,0.14491376746189435
0.6428571428571428,0.5918367346938775,0.1,0.09486832980505139
0.6428571428571428,0.6020408163265306,0.2,0.1264911064067352
0.6428571428571428,0.6122448979591836,0.0,0.0
0.6428571428571428,0.6224489795918366,0.2,0.1264911064067352
0.6428571428571428,0.6326530612244897,0.0,0.0
0.6428571428571428,0.6428571428571428,0.0,0.0
0.653061224489796,0.5,0.6,0.15491933384829665
0.653061224489796,0.5102040816326531,0.6,0.15491933384829668
0.653061224489796,0.5204081632653061,0.3,0.14491376746189435
0.653061224489796,0.5306122448979592,0.4,0.15491933384829668
0.653061224489796,0.5408163265306123,0.4,0.15491933384829668
0.653061224489796,0.5510204081632654,0.3,0.14491376746189438
0.653061224489796,0.5612244897959184,0.2,0.1264911064067352
0.653061224489796,0.5714285714285714,0.2,0.1264911064067352
0.653061224489796,0.5816326530612246,0.2,0.1264911064067352
0.653061224489796,0.5918367346938775,0.4,0.15491933384829668
0.653061224489796,0.6020408163265306,0.2,0.1264911064067352
0.653061224489796,0.6122448979591837,0.0,0.0
0.653061224489796,0.6224489795918368,0.1,0.09486832980505139
0.653061224489796,0.6326530612244898,0.0,0.0
0.653061224489796,0.6428571428571429,0.1,0.09486832980505139
0.653061224489796,0.653061224489796,0.1,0.09486832980505139
0.6632653061224489,0.5,0.5,0.15811388300841897
0.6632653061224489,0.5102040816326531,0.3,0.14491376746189438
0.6632653061224489,0.5204081632653061,0.4,0.15491933384829668
0.6632653061224489,0.5306122448979592,0.4,0.15491933384829668
0.6632653061224489,0.5408163265306123,0.5,0.15811388300841897
0.6632653061224489,0.5510204081632653,0.2,0.1264911064067352
0.6632653061224489,0.5612244897959183,0.5,0.15811388300841897
0.6632653061224489,0.5714285714285714,0.2,0.1264911064067352
0.6632653061224489,0.5816326530612245,0.4,0.15491933384829668
0.6632653061224489,0.5918367346938775,0.1,0.09486832980505139
0.6632653061224489,0.6020408163265306,0.0,0.0
0.6632653061224489,0.6122448979591837,0.1,0.09486832980505139
0.6632653061224489,0.6224489795918366,0.3,0.14491376746189438
0.6632653061224489,0.6326530612244898,0.1,0.09486832980505139
0.6632653061224489,0.6428571428571428,0.1,0.09486832980505139
0.6632653061224489,0.6530612244897959,0.0,0.0
0.6632653061224489,0.6632653061224489,0.1,0.09486832980505139
0.673469387755102,0.5,0.8,0.12649110640673517
0.673469387755102,0.5102040816326531,0.6,0.15491933384829665
0.673469387755102,0.5204081632653061,0.4,0.15491933384829668
0.673469387755102,0.5306122448979592,0.6,0.15491933384829668
0.673469387755102,0.5408163265306123,0.4,0.15491933384829665
0.673469387755102,0.5510204081632653,0.6,0.15491933384829665
0.673469387755102,0.5612244897959183,0.1,0.09486832980505139
0.673469387755102,0.5714285714285714,0.3,0.14491376746189435
0.673469387755102,0.5816326530612245,0.0,0.0
0.673469387755102,0.5918367346938775,0.2,0.1264911064067352
0.673469387755102,0.6020408163265306,0.1,0.09486832980505139
0.673469387755102,0.6122448979591837,0.3,0.14491376746189438
0.673469387755102,0.6224489795918368,0.1,0.09486832980505139
0.673469387755102,0.6326530612244898,0.1,0.09486832980505139
0.673469387755102,0.6428571428571428,0.1,0.09486832980505139
0.673469387755102,0.6530612244897959,0.1,0.09486832980505139
0.673469387755102,0.6632653061224489,0.1,0.09486832980505139
0.673469387755102,0.673469387755102,0.0,0.0
0.6836734693877551,0.5,0.9,0.09486832980505137
0.6836734693877551,0.5102040816326531,0.7,0.14491376746189438
0.6836734693877551,0.5204081632653061,0.5,0.15811388300841897
0.6836734693877551,0.5306122448979592,0.5,0.15811388300841897
0.6836734693877551,0.5408163265306123,0.5,0.15811388300841897
0.6836734693877551,0.5510204081632653,0.4,0.15491933384829668
0.6836734693877551,0.5612244897959183,0.3,0.14491376746189435
0.6836734693877551,0.5714285714285714,0.1,0.09486832980505139
0.6836734693877551,0.5816326530612245,0.3,0.14491376746189435
0.6836734693877551,0.5918367346938775,0.4,0.15491933384829668
0.6836734693877551,0.6020408163265306,0.2,0.1264911064067352
0.6836734693877551,0.6122448979591837,0.2,0.12649110640673517
0.6836734693877551,0.6224489795918368,0.0,0.0
0.6836734693877551,0.6326530612244898,0.0,0.0
0.6836734693877551,0.6428571428571428,0.0,0.0
0.6836734693877551,0.653061224489796,0.1,0.09486832980505139
0.6836734693877551,0.6632653061224489,0.0,0.0
0.6836734693877551,0.673469387755102,0.0,0.0
0.6836734693877551,0.6836734693877551,0.0,0.0
0.6938775510204082,0.5,0.9,0.09486832980505139
0.6938775510204082,0.5102040816326531,0.7,0.14491376746189438
0.6938775510204082,0.5204081632653061,0.8,0.1264911064067352
0.6938775510204082,0.5306122448979592,0.7,0.14491376746189438
0.6938775510204082,0.5408163265306123,0.3,0.14491376746189438
0.6938775510204082,0.5510204081632653,0.5,0.15811388300841897
0.6938775510204082,0.5612244897959183,0.2,0.1264911064067352
0.6938775510204082,0.5714285714285714,0.2,0.1264911064067352
0.6938775510204082,0.5816326530612245,0.1,0.09486832980505139
0.6938775510204082,0.5918367346938775,0.2,0.1264911064067352
0.6938775510204082,0.6020408163265306,0.1,0.09486832980505139
0.6938775510204082,0.6122448979591837,0.0,0.0
0.6938775510204082,0.6224489795918368,0.1,0.09486832980505139
0.6938775510204082,0.6326530612244898,0.2,0.1264911064067352
0.6938775510204082,0.6428571428571428,0.2,0.1264911064067352
0.6938775510204082,0.653061224489796,0.0,0.0
0.6938775510204082,0.6632653061224489,0.1,0.09486832980505139
0.6938775510204082,0.673469387755102,0.0,0.0
0.6938775510204082,0.6836734693877551,0.1,0.09486832980505139
0.6938775510204082,0.6938775510204082,0.0,0.0
0.7040816326530612,0.5,0.9,0.09486832980505139
0.7040816326530612,0.5102040816326531,0.6,0.15491933384829668
0.7040816326530612,0.5204081632653061,0.9,0.09486832980505139
0.7040816326530612,0.5306122448979592,0.3,0.14491376746189438
0.7040816326530612,0.5408163265306123,0.8,0.1264911064067352
0.7040816326530612,0.5510204081632653,0.4,0.15491933384829668
0.7040816326530612,0.5612244897959183,0.4,0.15491933384829668
0.7040816326530612,0.5714285714285714,0.6,0.15491933384829665
0.7040816326530612,0.5816326530612245,0.1,0.09486832980505139
0.7040816326530612,0.5918367346938775,0.2,0.1264911064067352
0.7040816326530612,0.6020408163265306,0.1,0.09486832980505139
0.7040816326530612,0.6122448979591837,0.1,0.09486832980505139
0.7040816326530612,0.6224489795918368,0.3,0.14491376746189438
0.7040816326530612,0.6326530612244898,0.0,0.0
0.7040816326530612,0.6428571428571428,0.1,0.09486832980505139
0.7040816326530612,0.653061224489796,0.0,0.0
0.7040816326530612,0.6632653061224489,0.0,0.0
0.7040816326530612,0.673469387755102,0.0,0.0
0.7040816326530612,0.6836734693877551,0.0,0.0
0.7040816326530612,0.6938775510204082,0.0,0.0
0.7040816326530612,0.7040816326530612,0.0,0.0
0.7142857142857143,0.5,0.6,0.15491933384829668
0.7142857142857143,0.5102040816326531,0.7,0.14491376746189435
0.7142857142857143,0.5204081632653061,0.6,0.15491933384829665
0.7142857142857143,0.5306122448979592,0.5,0.15811388300841897
0.7142857142857143,0.5408163265306123,0.7,0.14491376746189438
0.7142857142857143,0.5510204081632653,0.4,0.15491933384829668
0.7142857142857143,0.5612244897959183,0.5,0.15811388300841897
0.7142857142857143,0.5714285714285714,0.3,0.14491376746189435
0.7142857142857143,0.5816326530612245,0.3,0.14491376746189438
0.7142857142857143,0.5918367346938775,0.4,0.15491933384829665
0.7142857142857143,0.6020408163265306,0.2,0.1264911064067352
0.7142857142857143,0.6122448979591837,0.2,0.12649110640673517
0.7142857142857143,0.6224489795918368,0.1,0.09486832980505139
0.7142857142857143,0.6326530612244898,0.2,0.1264911064067352
0.7142857142857143,0.6428571428571428,0.0,0.0
0.7142857142857143,0.653061224489796,0.1,0.09486832980505139
0.7142857142857143,0.6632653061224489,0.0,0.0
0.7142857142857143,0.6734693877551021,0.0,0.0
0.7142857142857143,0.6836734693877551,0.0,0.0
0.7142857142857143,0.6938775510204082,0.0,0.0
0.7142857142857143,0.7040816326530612,0.0,0.0
0.7142857142857143,0.7142857142857143,0.0,0.0
0.7244897959183674,0.5,0.6,0.15491933384829665
0.7244897959183674,0.5102040816326531,0.7,0.14491376746189438
0.7244897959183674,0.5204081632653061,0.8,0.1264911064067352
0.7244897959183674,0.5306122448979592,0.8,0.1264911064067352
0.7244897959183674,0.5408163265306123,0.7,0.14491376746189438
0.7244897959183674,0.5510204081632653,0.3,0.14491376746189438
0.7244897959183674,0.5612244897959183,0.5,0.15811388300841897
0.7244897959183674,0.5714285714285714,0.4,0.15491933384829665
0.7244897959183674,0.5816326530612245,0.1,0.09486832980505139
0.7244897959183674,0.5918367346938775,0.3,0.14491376746189435
0.7244897959183674,0.6020408163265306,0.1,0.09486832980505139
0.7244897959183674,0.6122448979591837,0.0,0.0
0.7244897959183674,0.6224489795918368,0.0,0.0
0.7244897959183674,0.6326530612244898,0.0,0.0
0.7244897959183674,0.6428571428571429,0.1,0.09486832980505139
0.7244897959183674,0.653061224489796,0.0,0.0
0.7244897959183674,0.6632653061224489,0.1,0.09486832980505139
0.7244897959183674,0.6734693877551021,0.0,0.0
0.7244897959183674,0.6836734693877551,0.0,0.0
0.7244897959183674,0.6938775510204082,0.0,0.0
0.7244897959183674,0.7040816326530612,0.0,0.0
0.7244897959183674,0.7142857142857143,0.0,0.0
0.7244897959183674,0.7244897959183674,0.0,0.0
0.7346938775510204,0.5,0.7,0.14491376746189438
0.7346938775510204,0.5102040816326531,0.8,0.12649110640673517
0.7346938775510204,0.5204081632653061,0.6,0.15491933384829668
0.7346938775510204,0.5306122448979592,0.5,0.15811388300841897
0.7346938775510204,0.5408163265306123,0.5,0.15811388300841897
0.7346938775510204,0.5510204081632654,0.4,0.15491933384829668
0.7346938775510204,0.5612244897959183,0.3,0.14491376746189435
0.7346938775510204,0.5714285714285714,0.1,0.09486832980505139
0.7346938775510204,0.5816326530612245,0.6,0.15491933384829668
0.7346938775510204,0.5918367346938775,0.1,0.09486832980505139
0.7346938775510204,0.6020408163265306,0.2,0.1264911064067352
0.7346938775510204,0.6122448979591837,0.2,0.1264911064067352
0.7346938775510204,0.6224489795918368,0.1,0.09486832980505139
0.7346938775510204,0.6326530612244898,0.2,0.1264911064067352
0.7346938775510204,0.6428571428571429,0.1,0.09486832980505139
0.7346938775510204,0.653061224489796,0.1,0.09486832980505139
0.7346938775510204,0.6632653061224489,0.0,0.0
0.7346938775510204,0.6734693877551021,0.1,0.09486832980505139
0.7346938775510204,0.6836734693877551,0.0,0.0
0.7346938775510204,0.6938775510204082,0.1,0.09486832980505139
0.7346938775510204,0.7040816326530612,0.0,0.0
0.7346938775510204,0.7142857142857143,0.0,0.0
0.7346938775510204,0.7244897959183674,0.0,0.0
0.7346938775510204,0.7346938775510204,0.0,0.0
0.7448979591836735,0.5,0.7,0.14491376746189435
0.7448979591836735,0.5102040816326531,0.7,0.14491376746189438
0.7448979591836735,0.5204081632653061,0.8,0.12649110640673517
0.7448979591836735,0.5306122448979592,0.6,0.15491933384829668
0.7448979591836735,0.5408163265306123,0.4,0.15491933384829668
0.7448979591836735,0.5510204081632654,0.4,0.15491933384829665
0.7448979591836735,0.5612244897959184,0.4,0.15491933384829665
0.7448979591836735,0.5714285714285714,0.6,0.15491933384829665
0.7448979591836735,0.5816326530612245,0.5,0.15811388300841897
0.7448979591836735,0.5918367346938775,0.6,0.1549193338482967
0.7448979591836735,0.6020408163265306,0.1,0.09486832980505139
0.7448979591836735,0.6122448979591837,0.0,0.0
0.7448979591836735,0.6224489795918368,0.1,0.09486832980505139
0.7448979591836735,0.6326530612244898,0.1,0.09486832980505139
0.7448979591836735,0.6428571428571429,0.0,0.0
0.7448979591836735,0.653061224489796,0.0,0.0
0.7448979591836735,0.6632653061224489,0.0,0.0
0.7448979591836735,0.6734693877551021,0.0,0.0
0.7448979591836735,0.6836734693877551,0.0,0.0
0.7448979591836735,0.6938775510204082,0.0,0.0
0.7448979591836735,0.7040816326530612,0.0,0.0
0.7448979591836735,0.7142857142857143,0.0,0.0
0.7448979591836735,0.7244897959183674,0.0,0.0
0.7448979591836735,0.7346938775510204,0.0,0.0
0.7448979591836735,0.7448979591836735,0.0,0.0
0.7551020408163265,0.5,0.7,0.14491376746189438
0.7551020408163265,0.5102040816326531,0.7,0.14491376746189438
0.7551020408163265,0.5204081632653061,0.8,0.12649110640673517
0.7551020408163265,0.5306122448979592,0.6,0.15491933384829668
0.7551020408163265,0.5408163265306123,0.6,0.15491933384829668
0.7551020408163265,0.5510204081632653,0.6,0.15491933384829665
0.7551020408163265,0.5612244897959183,0.3,0.14491376746189435
0.7551020408163265,0.5714285714285714,0.4,0.15491933384829665
0.7551020408163265,0.5816326530612245,0.3,0.14491376746189435
0.7551020408163265,0.5918367346938775,0.4,0.15491933384829668
0.7551020408163265,0.6020408163265306,0.2,0.1264911064067352
0.7551020408163265,0.6122448979591837,0.2,0.1264911064067352
0.7551020408163265,0.6224489795918366,0.2,0.1264911064067352
0.7551020408163265,0.6326530612244898,0.0,0.0
0.7551020408163265,0.6428571428571428,0.0,0.0
0.7551020408163265,0.6530612244897959,0.1,0.09486832980505139
0.7551020408163265,0.6632653061224489,0.0,0.0
0.7551020408163265,0.673469387755102,0.0,0.0
0.7551020408163265,0.6836734693877551,0.1,0.09486832980505139
0.7551020408163265,0.6938775510204082,0.0,0.0
0.7551020408163265,0.7040816326530612,0.0,0.0
0.7551020408163265,0.7142857142857142,0.0,0.0
0.7551020408163265,0.7244897959183673,0.0,0.0
0.7551020408163265,0.7346938775510203,0.0,0.0
0.7551020408163265,0.7448979591836734,0.0,0.0
0.7551020408163265,0.7551020408163265,0.0,0.0
0.7653061224489797,0.5,0.7,0.14491376746189438
0.7653061224489797,0.5102040816326531,0.7,0.14491376746189435
0.7653061224489797,0.5204081632653061,0.3,0.14491376746189435
0.7653061224489797,0.5306122448979592,0.6,0.15491933384829668
0.7653061224489797,0.5408163265306123,0.8,0.12649110640673517
0.7653061224489797,0.5510204081632654,0.6,0.15491933384829665
0.7653061224489797,0.5612244897959184,0.6,0.15491933384829665
0.7653061224489797,0.5714285714285714,0.4,0.15491933384829668
0.7653061224489797,0.5816326530612245,0.4,0.15491933384829668
0.7653061224489797,0.5918367346938775,0.5,0.15811388300841897
0.7653061224489797,0.6020408163265306,0.6,0.15491933384829665
0.7653061224489797,0.6122448979591837,0.0,0.0
0.7653061224489797,0.6224489795918368,0.1,0.09486832980505139
0.7653061224489797,0.6326530612244898,0.1,0.09486832980505139
0.7653061224489797,0.6428571428571429,0.1,0.09486832980505139
0.7653061224489797,0.653061224489796,0.2,0.1264911064067352
0.7653061224489797,0.663265306122449,0.2,0.1264911064067352
0.7653061224489797,0.6734693877551021,0.0,0.0
0.7653061224489797,0.6836734693877551,0.0,0.0
0.7653061224489797,0.6938775510204083,0.0,0.0
0.7653061224489797,0.7040816326530612,0.0,0.0
0.7653061224489797,0.7142857142857144,0.0,0.0
0.7653061224489797,0.7244897959183674,0.0,0.0
0.7653061224489797,0.7346938775510204,0.1,0.09486832980505139
0.7653061224489797,0.7448979591836735,0.0,0.0
0.7653061224489797,0.7551020408163266,0.0,0.0
0.7653061224489797,0.7653061224489797,0.0,0.0
0.7755102040816326,0.5,1.0,0.0
0.7755102040816326,0.5102040816326531,0.9,0.09486832980505137
0.7755102040816326,0.5204081632653061,0.7,0.14491376746189438
0.7755102040816326,0.5306122448979592,0.8,0.12649110640673517
0.7755102040816326,0.5408163265306123,0.5,0.15811388300841897
0.7755102040816326,0.5510204081632653,0.3,0.14491376746189438
0.7755102040816326,0.5612244897959183,0.7,0.14491376746189438
0.7755102040816326,0.5714285714285714,0.6,0.15491933384829668
0.7755102040816326,0.5816326530612245,0.4,0.15491933384829665
0.7755102040816326,0.5918367346938775,0.3,0.14491376746189438
0.7755102040816326,0.6020408163265306,0.2,0.12649110640673517
0.7755102040816326,0.6122448979591837,0.2,0.1264911064067352
0.7755102040816326,0.6224489795918368,0.3,0.14491376746189435
0.7755102040816326,0.6326530612244898,0.0,0.0
0.7755102040816326,0.6428571428571428,0.0,0.0
0.7755102040816326,0.653061224489796,0.2,0.1264911064067352
0.7755102040816326,0.6632653061224489,0.0,0.0
0.7755102040816326,0.673469387755102,0.1,0.09486832980505139
0.7755102040816326,0.6836734693877551,0.0,0.0
0.7755102040816326,0.6938775510204082,0.0,0.0
0.7755102040816326,0.7040816326530612,0.0,0.0
0.7755102040816326,0.7142857142857143,0.0,0.0
0.7755102040816326,0.7244897959183674,0.0,0.0
0.7755102040816326,0.7346938775510203,0.0,0.0
0.7755102040816326,0.7448979591836734,0.0,0.0
0.7755102040816326,0.7551020408163265,0.0,0.0
0.7755102040816326,0.7653061224489796,0.0,0.0
0.7755102040816326,0.7755102040816326,0.0,0.0
0.7857142857142857,0.5,1.0,0.0
0.7857142857142857,0.5102040816326531,0.7,0.14491376746189438
0.7857142857142857,0.5204081632653061,0.7,0.14491376746189438
0.7857142857142857,0.5306122448979592,0.7,0.14491376746189435
0.7857142857142857,0.5408163265306123,0.6,0.15491933384829668
0.7857142857142857,0.5510204081632653,0.6,0.15491933384829665
0.7857142857142857,0.5612244897959183,0.5,0.15811388300841897
0.7857142857142857,0.5714285714285714,0.7,0.14491376746189438
0.7857142857142857,0.5816326530612245,0.1,0.09486832980505139
0.7857142857142857,0.5918367346938775,0.4,0.15491933384829668
0.7857142857142857,0.6020408163265306,0.1,0.09486832980505139
0.7857142857142857,0.6122448979591837,0.0,0.0
0.7857142857142857,0.6224489795918368,0.1,0.09486832980505139
0.7857142857142857,0.6326530612244898,0.1,0.09486832980505139
0.7857142857142857,0.6428571428571428,0.1,0.09486832980505139
0.7857142857142857,0.6530612244897959,0.0,0.0
0.7857142857142857,0.6632653061224489,0.2,0.1264911064067352
0.7857142857142857,0.673469387755102,0.0,0.0
0.7857142857142857,0.6836734693877551,0.1,0.09486832980505139
0.7857142857142857,0.6938775510204082,0.0,0.0
0.7857142857142857,0.7040816326530612,0.0,0.0
0.7857142857142857,0.7142857142857143,0.0,0.0
0.7857142857142857,0.7244897959183674,0.0,0.0
0.7857142857142857,0.7346938775510203,0.0,0.0
0.7857142857142857,0.7448979591836734,0.0,0.0
0.7857142857142857,0.7551020408163265,0.0,0.0
0.7857142857142857,0.7653061224489797,0.0,0.0
0.7857142857142857,0.7755102040816326,0.0,0.0
0.7857142857142857,0.7857142857142857,0.0,0.0
0.7959183673469388,0.5,0.9,0.09486832980505139
0.7959183673469388,0.5102040816326531,0.6,0.15491933384829668
0.7959183673469388,0.5204081632653061,0.7,0.14491376746189438
0.7959183673469388,0.5306122448979592,0.9,0.09486832980505137
0.7959183673469388,0.5408163265306123,0.8,0.12649110640673517
0.7959183673469388,0.5510204081632653,0.8,0.12649110640673517
0.7959183673469388,0.5612244897959183,0.6,0.15491933384829668
0.7959183673469388,0.5714285714285714,0.4,0.15491933384829668
0.7959183673469388,0.5816326530612245,0.5,0.15811388300841897
0.7959183673469388,0.5918367346938775,0.5,0.15811388300841897
0.7959183673469388,0.6020408163265306,0.5,0.15811388300841897
0.7959183673469388,0.6122448979591837,0.2,0.1264911064067352
0.7959183673469388,0.6224489795918368,0.2,0.1264911064067352
0.7959183673469388,0.6326530612244898,0.0,0.0
0.7959183673469388,0.6428571428571428,0.1,0.09486832980505139
0.7959183673469388,0.653061224489796,0.1,0.09486832980505139
0.7959183673469388,0.6632653061224489,0.0,0.0
0.7959183673469388,0.673469387755102,0.0,0.0
0.7959183673469388,0.6836734693877551,0.1,0.09486832980505139
0.7959183673469388,0.6938775510204082,0.0,0.0
0.7959183673469388,0.7040816326530612,0.0,0.0
0.7959183673469388,0.7142857142857143,0.0,0.0
0.7959183673469388,0.7244897959183674,0.0,0.0
0.7959183673469388,0.7346938775510204,0.0,0.0
0.7959183673469388,0.7448979591836735,0.0,0.0
0.7959183673469388,0.7551020408163265,0.0,0.0
0.7959183673469388,0.7653061224489797,0.0,0.0
0.7959183673469388,0.7755102040816326,0.0,0.0
0.7959183673469388,0.7857142857142857,0.0,0.0
0.7959183673469388,0.7959183673469388,0.0,0.0
0.8061224489795918,0.5,1.0,0.0
0.8061224489795918,0.5102040816326531,0.9,0.09486832980505137
0.8061224489795918,0.5204081632653061,0.9,0.09486832980505139
0.8061224489795918,0.5306122448979592,0.6,0.15491933384829668
0.8061224489795918,0.5408163265306123,0.8,0.1264911064067352
0.8061224489795918,0.5510204081632653,0.7,0.14491376746189438
0.8061224489795918,0.5612244897959183,0.6,0.15491933384829668
0.8061224489795918,0.5714285714285714,0.6,0.15491933384829668
0.8061224489795918,0.5816326530612245,0.5,0.15811388300841897
0.8061224489795918,0.5918367346938775,0.1,0.09486832980505139
0.8061224489795918,0.6020408163265306,0.4,0.15491933384829668
0.8061224489795918,0.6122448979591837,0.3,0.14491376746189435
0.8061224489795918,0.6224489795918368,0.2,0.1264911064067352
0.8061224489795918,0.6326530612244898,0.2,0.1264911064067352
0.8061224489795918,0.6428571428571428,0.2,0.1264911064067352
0.8061224489795918,0.653061224489796,0.1,0.09486832980505139
0.8061224489795918,0.6632653061224489,0.2,0.1264911064067352
0.8061224489795918,0.673469387755102,0.1,0.09486832980505139
0.8061224489795918,0.6836734693877551,0.0,0.0
0.8061224489795918,0.6938775510204082,0.0,0.0
0.8061224489795918,0.7040816326530612,0.0,0.0
0.8061224489795918,0.7142857142857143,0.0,0.0
0.8061224489795918,0.7244897959183674,0.0,0.0
0.8061224489795918,0.7346938775510204,0.0,0.0
0.8061224489795918,0.7448979591836735,0.0,0.0
0.8061224489795918,0.7551020408163265,0.0,0.0
0.8061224489795918,0.7653061224489797,0.0,0.0
0.8061224489795918,0.7755102040816326,0.0,0.0
0.8061224489795918,0.7857142857142857,0.0,0.0
0.8061224489795918,0.7959183673469388,0.0,0.0
0.8061224489795918,0.8061224489795918,0.0,0.0
0.8163265306122449,0.5,1.0,0.0
0.8163265306122449,0.5102040816326531,0.9,0.09486832980505139
0.8163265306122449,0.5204081632653061,0.6,0.15491933384829668
0.8163265306122449,0.5306122448979592,0.5,0.15811388300841897
0.8163265306122449,0.5408163265306123,0.8,0.1264911064067352
0.8163265306122449,0.5510204081632653,0.8,0.12649110640673517
0.8163265306122449,0.5612244897959183,0.7,0.14491376746189438
0.8163265306122449,0.5714285714285714,0.7,0.14491376746189438
0.8163265306122449,0.5816326530612245,0.3,0.14491376746189435
0.8163265306122449,0.5918367346938775,0.5,0.15811388300841897
0.8163265306122449,0.6020408163265306,0.4,0.15491933384829668
0.8163265306122449,0.6122448979591837,0.5,0.15811388300841897
0.8163265306122449,0.6224489795918368,0.4,0.15491933384829668
0.8163265306122449,0.6326530612244898,0.1,0.09486832980505139
0.8163265306122449,0.6428571428571428,0.0,0.0
0.8163265306122449,0.653061224489796,0.2,0.1264911064067352
0.8163265306122449,0.6632653061224489,0.2,0.1264911064067352
0.8163265306122449,0.673469387755102,0.1,0.09486832980505139
0.8163265306122449,0.6836734693877551,0.1,0.09486832980505139
0.8163265306122449,0.6938775510204082,0.0,0.0
0.8163265306122449,0.7040816326530612,0.0,0.0
0.8163265306122449,0.7142857142857143,0.0,0.0
0.8163265306122449,0.7244897959183674,0.0,0.0
0.8163265306122449,0.7346938775510204,0.0,0.0
0.8163265306122449,0.7448979591836735,0.2,0.1264911064067352
0.8163265306122449,0.7551020408163265,0.0,0.0
0.8163265306122449,0.7653061224489797,0.0,0.0
0.8163265306122449,0.7755102040816326,0.0,0.0
0.8163265306122449,0.7857142857142857,0.0,0.0
0.8163265306122449,0.7959183673469388,0.0,0.0
0.8163265306122449,0.8061224489795918,0.0,0.0
0.8163265306122449,0.8163265306122449,0.0,0.0
0.8265306122448979,0.5,1.0,0.0
0.8265306122448979,0.5102040816326531,0.9,0.09486832980505137
0.8265306122448979,0.5204081632653061,0.8,0.12649110640673517
0.8265306122448979,0.5306122448979592,0.9,0.09486832980505137
0.8265306122448979,0.5408163265306123,0.9,0.09486832980505137
0.8265306122448979,0.5510204081632653,0.6,0.15491933384829668
0.8265306122448979,0.5612244897959183,0.7,0.14491376746189438
0.8265306122448979,0.5714285714285714,0.4,0.15491933384829668
0.8265306122448979,0.5816326530612245,0.5,0.15811388300841897
0.8265306122448979,0.5918367346938775,0.4,0.15491933384829668
0.8265306122448979,0.6020408163265306,0.4,0.15491933384829665
0.8265306122448979,0.6122448979591837,0.3,0.14491376746189435
0.8265306122448979,0.6224489795918366,0.0,0.0
0.8265306122448979,0.6326530612244898,0.7,0.14491376746189435
0.8265306122448979,0.6428571428571428,0.3,0.14491376746189438
0.8265306122448979,0.6530612244897959,0.1,0.09486832980505139
0.8265306122448979,0.6632653061224489,0.0,0.0
0.8265306122448979,0.673469387755102,0.1,0.09486832980505139
0.8265306122448979,0.6836734693877551,0.3,0.14491376746189438
0.8265306122448979,0.693877551020408,0.0,0.0
0.8265306122448979,0.7040816326530612,0.1,0.09486832980505139
0.8265306122448979,0.7142857142857142,0.0,0.0
0.8265306122448979,0.7244897959183673,0.0,0.0
0.8265306122448979,0.7346938775510203,0.0,0.0
0.8265306122448979,0.7448979591836734,0.0,0.0
0.8265306122448979,0.7551020408163265,0.0,0.0
0.8265306122448979,0.7653061224489796,0.0,0.0
0.8265306122448979,0.7755102040816326,0.0,0.0
0.8265306122448979,0.7857142857142856,0.0,0.0
0.8265306122448979,0.7959183673469388,0.0,0.0
0.8265306122448979,0.8061224489795917,0.0,0.0
0.8265306122448979,0.8163265306122448,0.0,0.0
0.8265306122448979,0.8265306122448979,0.0,0.0
0.8367346938775511,0.5,1.0,0.0
0.8367346938775511,0.5102040816326531,0.8,0.12649110640673517
0.8367346938775511,0.5204081632653061,1.0,0.0
0.8367346938775511,0.5306122448979592,0.9,0.09486832980505139
0.8367346938775511,0.5408163265306123,0.5,0.15811388300841897
0.8367346938775511,0.5510204081632654,0.7,0.14491376746189438
0.8367346938775511,0.5612244897959184,0.6,0.15491933384829668
0.8367346938775511,0.5714285714285714,0.6,0.15491933384829668
0.8367346938775511,0.5816326530612245,0.6,0.15491933384829668
0.8367346938775511,0.5918367346938775,0.3,0.14491376746189438
0.8367346938775511,0.6020408163265306,0.5,0.15811388300841897
0.8367346938775511,0.6122448979591837,0.1,0.09486832980505139
0.8367346938775511,0.6224489795918368,0.4,0.15491933384829668
0.8367346938775511,0.6326530612244898,0.1,0.09486832980505139
0.8367346938775511,0.6428571428571429,0.3,0.14491376746189435
0.8367346938775511,0.653061224489796,0.0,0.0
0.8367346938775511,0.6632653061224489,0.1,0.09486832980505139
0.8367346938775511,0.6734693877551021,0.0,0.0
0.8367346938775511,0.6836734693877551,0.1,0.09486832980505139
0.8367346938775511,0.6938775510204083,0.0,0.0
0.8367346938775511,0.7040816326530612,0.1,0.09486832980505139
0.8367346938775511,0.7142857142857143,0.0,0.0
0.8367346938775511,0.7244897959183674,0.0,0.0
0.8367346938775511,0.7346938775510204,0.0,0.0
0.8367346938775511,0.7448979591836735,0.0,0.0
0.8367346938775511,0.7551020408163265,0.0,0.0
0.8367346938775511,0.7653061224489797,0.0,0.0
0.8367346938775511,0.7755102040816326,0.0,0.0
0.8367346938775511,0.7857142857142858,0.0,0.0
0.8367346938775511,0.7959183673469388,0.0,0.0
0.8367346938775511,0.8061224489795918,0.0,0.0
0.8367346938775511,0.8163265306122449,0.0,0.0
0.8367346938775511,0.826530612244898,0.0,0.0
0.8367346938775511,0.8367346938775511,0.0,0.0
0.846938775510204,0.5,0.8,0.1264911064067352
0.846938775510204,0.5102040816326531,0.8,0.1264911064067352
0.846938775510204,0.5204081632653061,0.9,0.09486832980505139
0.846938775510204,0.5306122448979592,0.4,0.15491933384829665
0.846938775510204,0.5408163265306123,1.0,0.0
0.846938775510204,0.5510204081632653,0.8,0.1264911064067352
0.846938775510204,0.5612244897959183,0.8,0.12649110640673517
0.846938775510204,0.5714285714285714,0.7,0.14491376746189438
0.846938775510204,0.5816326530612245,0.3,0.14491376746189435
0.846938775510204,0.5918367346938775,0.4,0.15491933384829665
0.846938775510204,0.6020408163265306,0.7,0.14491376746189438
0.846938775510204,0.6122448979591837,0.2,0.1264911064067352
0.846938775510204,0.6224489795918368,0.3,0.14491376746189435
0.846938775510204,0.6326530612244898,0.2,0.1264911064067352
0.846938775510204,0.6428571428571428,0.2,0.12649110640673517
0.846938775510204,0.6530612244897959,0.1,0.09486832980505139
0.846938775510204,0.6632653061224489,0.0,0.0
0.846938775510204,0.673469387755102,0.0,0.0
0.846938775510204,0.6836734693877551,0.2,0.12649110640673517
0.846938775510204,0.6938775510204082,0.1,0.09486832980505139
0.846938775510204,0.7040816326530612,0.0,0.0
0.846938775510204,0.7142857142857142,0.0,0.0
0.846938775510204,0.7244897959183674,0.0,0.0
0.846938775510204,0.7346938775510203,0.0,0.0
0.846938775510204,0.7448979591836734,0.0,0.0
0.846938775510204,0.7551020408163265,0.0,0.0
0.846938775510204,0.7653061224489796,0.0,0.0
0.846938775510204,0.7755102040816326,0.0,0.0
0.846938775510204,0.7857142857142856,0.0,0.0
0.846938775510204,0.7959183673469388,0.0,0.0
0.846938775510204,0.8061224489795917,0.0,0.0
0.846938775510204,0.8163265306122449,0.0,0.0
0.846938775510204,0.8265306122448979,0.0,0.0
0.846938775510204,0.836734693877551,0.0,0.0
0.846938775510204,0.846938775510204,0.0,0.0
0.8571428571428572,0.5,0.9,0.09486832980505139
0.8571428571428572,0.5102040816326531,0.9,0.09486832980505137
0.8571428571428572,0.5204081632653061,0.7,0.14491376746189438
0.8571428571428572,0.5306122448979592,0.6,0.15491933384829668
0.8571428571428572,0.5408163265306123,0.7,0.14491376746189438
0.8571428571428572,0.5510204081632654,0.9,0.09486832980505139
0.8571428571428572,0.5612244897959184,0.7,0.14491376746189438
0.8571428571428572,0.5714285714285714,0.7,0.14491376746189438
0.8571428571428572,0.5816326530612245,0.8,0.1264911064067352
0.8571428571428572,0.5918367346938775,0.7,0.14491376746189438
0.8571428571428572,0.6020408163265306,0.5,0.15811388300841897
0.8571428571428572,0.6122448979591837,0.6,0.15491933384829668
0.8571428571428572,0.6224489795918368,0.1,0.09486832980505139
0.8571428571428572,0.6326530612244898,0.0,0.0
0.8571428571428572,0.6428571428571429,0.2,0.1264911064067352
0.8571428571428572,0.653061224489796,0.1,0.09486832980505139
0.8571428571428572,0.6632653061224489,0.3,0.14491376746189435
0.8571428571428572,0.6734693877551021,0.2,0.1264911064067352
0.8571428571428572,0.6836734693877551,0.1,0.09486832980505139
0.8571428571428572,0.6938775510204082,0.1,0.09486832980505139
0.8571428571428572,0.7040816326530612,0.0,0.0
0.8571428571428572,0.7142857142857143,0.1,0.09486832980505139
0.8571428571428572,0.7244897959183674,0.0,0.0
0.8571428571428572,0.7346938775510204,0.0,0.0
0.8571428571428572,0.7448979591836735,0.0,0.0
0.8571428571428572,0.7551020408163266,0.0,0.0
0.8571428571428572,0.7653061224489797,0.0,0.0
0.8571428571428572,0.7755102040816327,0.0,0.0
0.8571428571428572,0.7857142857142858,0.0,0.0
0.8571428571428572,0.7959183673469388,0.0,0.0
0.8571428571428572,0.806122448979592,0.0,0.0
0.8571428571428572,0.8163265306122449,0.0,0.0
0.8571428571428572,0.826530612244898,0.0,0.0
0.8571428571428572,0.8367346938775511,0.0,0.0
0.8571428571428572,0.8469387755102041,0.0,0.0
0.8571428571428572,0.8571428571428572,0.0,0.0
0.8673469387755102,0.5,0.9,0.09486832980505137
0.8673469387755102,0.5102040816326531,0.8,0.1264911064067352
0.8673469387755102,0.5204081632653061,1.0,0.0
0.8673469387755102,0.5306122448979592,0.9,0.09486832980505137
0.8673469387755102,0.5408163265306123,0.9,0.09486832980505137
0.8673469387755102,0.5510204081632653,0.7,0.14491376746189438
0.8673469387755102,0.5612244897959183,0.8,0.1264911064067352
0.8673469387755102,0.5714285714285714,0.9,0.09486832980505137
0.8673469387755102,0.5816326530612245,0.5,0.15811388300841897
0.8673469387755102,0.5918367346938775,0.2,0.1264911064067352
0.8673469387755102,0.6020408163265306,0.4,0.15491933384829668
0.8673469387755102,0.6122448979591837,0.4,0.15491933384829665
0.8673469387755102,0.6224489795918368,0.4,0.15491933384829668
0.8673469387755102,0.6326530612244898,0.3,0.14491376746189438
0.8673469387755102,0.6428571428571428,0.2,0.1264911064067352
0.8673469387755102,0.653061224489796,0.2,0.1264911064067352
0.8673469387755102,0.6632653061224489,0.3,0.14491376746189438
0.8673469387755102,0.673469387755102,0.1,0.09486832980505139
0.8673469387755102,0.6836734693877551,0.0,0.0
0.8673469387755102,0.6938775510204082,0.0,0.0
0.8673469387755102,0.7040816326530612,0.1,0.09486832980505139
0.8673469387755102,0.7142857142857143,0.0,0.0
0.8673469387755102,0.7244897959183674,0.0,0.0
0.8673469387755102,0.7346938775510203,0.1,0.09486832980505139
0.8673469387755102,0.7448979591836734,0.1,0.09486832980505139
0.8673469387755102,0.7551020408163265,0.0,0.0
0.8673469387755102,0.7653061224489796,0.0,0.0
0.8673469387755102,0.7755102040816326,0.0,0.0
0.8673469387755102,0.7857142857142857,0.0,0.0
0.8673469387755102,0.7959183673469388,0.0,0.0
0.8673469387755102,0.8061224489795918,0.0,0.0
0.8673469387755102,0.8163265306122449,0.0,0.0
0.8673469387755102,0.8265306122448979,0.0,0.0
0.8673469387755102,0.836734693877551,0.0,0.0
0.8673469387755102,0.846938775510204,0.0,0.0
0.8673469387755102,0.8571428571428571,0.0,0.0
0.8673469387755102,0.8673469387755102,0.0,0.0
0.8775510204081632,0.5,1.0,0.0
0.8775510204081632,0.5102040816326531,1.0,0.0
0.8775510204081632,0.5204081632653061,0.7,0.14491376746189438
0.8775510204081632,0.5306122448979592,0.8,0.12649110640673517
0.8775510204081632,0.5408163265306123,0.9,0.09486832980505137
0.8775510204081632,0.5510204081632653,0.5,0.15811388300841897
0.8775510204081632,0.5612244897959183,0.8,0.1264911064067352
0.8775510204081632,0.5714285714285714,0.7,0.14491376746189438
0.8775510204081632,0.5816326530612245,0.9,0.09486832980505137
0.8775510204081632,0.5918367346938775,0.8,0.12649110640673517
0.8775510204081632,0.6020408163265306,0.6,0.15491933384829668
0.8775510204081632,0.6122448979591837,0.4,0.15491933384829668
0.8775510204081632,0.6224489795918368,0.3,0.14491376746189438
0.8775510204081632,0.6326530612244898,0.1,0.09486832980505139
0.8775510204081632,0.6428571428571428,0.2,0.1264911064067352
0.8775510204081632,0.653061224489796,0.1,0.09486832980505139
0.8775510204081632,0.6632653061224489,0.0,0.0
0.8775510204081632,0.673469387755102,0.2,0.1264911064067352
0.8775510204081632,0.6836734693877551,0.1,0.09486832980505139
0.8775510204081632,0.6938775510204082,0.0,0.0
0.8775510204081632,0.7040816326530612,0.1,0.09486832980505139
0.8775510204081632,0.7142857142857143,0.0,0.0
0.8775510204081632,0.7244897959183674,0.0,0.0
0.8775510204081632,0.7346938775510203,0.0,0.0
0.8775510204081632,0.7448979591836735,0.0,0.0
0.8775510204081632,0.7551020408163265,0.0,0.0
0.8775510204081632,0.7653061224489797,0.1,0.09486832980505139
0.8775510204081632,0.7755102040816326,0.1,0.09486832980505139
0.8775510204081632,0.7857142857142857,0.0,0.0
0.8775510204081632,0.7959183673469388,0.0,0.0
0.8775510204081632,0.8061224489795918,0.0,0.0
0.8775510204081632,0.8163265306122449,0.0,0.0
0.8775510204081632,0.8265306122448979,0.0,0.0
0.8775510204081632,0.8367346938775511,0.0,0.0
0.8775510204081632,0.846938775510204,0.0,0.0
0.8775510204081632,0.8571428571428571,0.0,0.0
0.8775510204081632,0.8673469387755102,0.0,0.0
0.8775510204081632,0.8775510204081632,0.0,0.0
0.8877551020408163,0.5,0.9,0.09486832980505139
0.8877551020408163,0.5102040816326531,1.0,0.0
0.8877551020408163,0.5204081632653061,0.8,0.1264911064067352
0.8877551020408163,0.5306122448979592,1.0,0.0
0.8877551020408163,0.5408163265306123,0.8,0.1264911064067352
0.8877551020408163,0.5510204081632653,0.7,0.14491376746189438
0.8877551020408163,0.5612244897959183,0.8,0.12649110640673517
0.8877551020408163,0.5714285714285714,0.9,0.09486832980505139
0.8877551020408163,0.5816326530612245,0.8,0.1264911064067352
0.8877551020408163,0.5918367346938775,0.6,0.15491933384829668
0.8877551020408163,0.6020408163265306,0.4,0.15491933384829668
0.8877551020408163,0.6122448979591837,0.3,0.14491376746189438
0.8877551020408163,0.6224489795918368,0.4,0.15491933384829668
0.8877551020408163,0.6326530612244898,0.6,0.15491933384829668
0.8877551020408163,0.6428571428571428,0.4,0.15491933384829668
0.8877551020408163,0.653061224489796,0.2,0.12649110640673517
0.8877551020408163,0.6632653061224489,0.1,0.09486832980505139
0.8877551020408163,0.673469387755102,0.3,0.14491376746189435
0.8877551020408163,0.6836734693877551,0.1,0.09486832980505139
0.8877551020408163,0.6938775510204082,0.5,0.15811388300841897
0.8877551020408163,0.7040816326530612,0.0,0.0
0.8877551020408163,0.7142857142857143,0.0,0.0
0.8877551020408163,0.7244897959183674,0.0,0.0
0.8877551020408163,0.7346938775510203,0.0,0.0
0.8877551020408163,0.7448979591836734,0.0,0.0
0.8877551020408163,0.7551020408163265,0.0,0.0
0.8877551020408163,0.7653061224489797,0.0,0.0
0.8877551020408163,0.7755102040816326,0.0,0.0
0.8877551020408163,0.7857142857142857,0.0,0.0
0.8877551020408163,0.7959183673469388,0.0,0.0
0.8877551020408163,0.8061224489795918,0.0,0.0
0.8877551020408163,0.8163265306122449,0.0,0.0
0.8877551020408163,0.8265306122448979,0.0,0.0
0.8877551020408163,0.8367346938775511,0.0,0.0
0.8877551020408163,0.846938775510204,0.0,0.0
0.8877551020408163,0.8571428571428571,0.0,0.0
0.8877551020408163,0.8673469387755102,0.0,0.0
0.8877551020408163,0.8775510204081632,0.0,0.0
0.8877551020408163,0.8877551020408163,0.0,0.0
0.8979591836734694,0.5,1.0,0.0
0.8979591836734694,0.5102040816326531,1.0,0.0
0.8979591836734694,0.5204081632653061,0.9,0.09486832980505139
0.8979591836734694,0.5306122448979592,1.0,0.0
0.8979591836734694,0.5408163265306123,0.9,0.09486832980505139
0.8979591836734694,0.5510204081632653,1.0,0.0
0.8979591836734694,0.5612244897959183,0.8,0.12649110640673517
0.8979591836734694,0.5714285714285714,0.7,0.14491376746189438
0.8979591836734694,0.5816326530612245,0.9,0.09486832980505137
0.8979591836734694,0.5918367346938775,0.9,0.09486832980505137
0.8979591836734694,0.6020408163265306,0.8,0.12649110640673517
0.8979591836734694,0.6122448979591837,0.4,0.15491933384829665
0.8979591836734694,0.6224489795918368,0.6,0.15491933384829668
0.8979591836734694,0.6326530612244898,0.2,0.1264911064067352
0.8979591836734694,0.6428571428571428,0.5,0.15811388300841897
0.8979591836734694,0.653061224489796,0.5,0.15811388300841897
0.8979591836734694,0.6632653061224489,0.3,0.14491376746189435
0.8979591836734694,0.673469387755102,0.2,0.1264911064067352
0.8979591836734694,0.6836734693877551,0.1,0.09486832980505139
0.8979591836734694,0.6938775510204082,0.0,0.0
0.8979591836734694,0.7040816326530612,0.1,0.09486832980505139
0.8979591836734694,0.7142857142857143,0.1,0.09486832980505139
0.8979591836734694,0.7244897959183674,0.2,0.1264911064067352
0.8979591836734694,0.7346938775510204,0.0,0.0
0.8979591836734694,0.7448979591836735,0.0,0.0
0.8979591836734694,0.7551020408163265,0.0,0.0
0.8979591836734694,0.7653061224489796,0.0,0.0
0.8979591836734694,0.7755102040816326,0.0,0.0
0.8979591836734694,0.7857142857142857,0.0,0.0
0.8979591836734694,0.7959183673469388,0.0,0.0
0.8979591836734694,0.8061224489795918,0.0,0.0
0.8979591836734694,0.8163265306122449,0.0,0.0
0.8979591836734694,0.8265306122448979,0.0,0.0
0.8979591836734694,0.8367346938775511,0.0,0.0
0.8979591836734694,0.846938775510204,0.0,0.0
0.8979591836734694,0.8571428571428572,0.0,0.0
0.8979591836734694,0.8673469387755102,0.0,0.0
0.8979591836734694,0.8775510204081632,0.0,0.0
0.8979591836734694,0.8877551020408163,0.0,0.0
0.8979591836734694,0.8979591836734694,0.0,0.0
0.9081632653061225,0.5,1.0,0.0
0.9081632653061225,0.5102040816326531,1.0,0.0
0.9081632653061225,0.5204081632653061,1.0,0.0
0.9081632653061225,0.5306122448979592,0.7,0.14491376746189438
0.9081632653061225,0.5408163265306123,1.0,0.0
0.9081632653061225,0.5510204081632653,1.0,0.0
0.9081632653061225,0.5612244897959183,0.7,0.14491376746189438
0.9081632653061225,0.5714285714285714,1.0,0.0
0.9081632653061225,0.5816326530612245,0.8,0.12649110640673517
0.9081632653061225,0.5918367346938775,0.9,0.09486832980505137
0.9081632653061225,0.6020408163265306,0.6,0.15491933384829665
0.9081632653061225,0.6122448979591837,0.8,0.12649110640673517
0.9081632653061225,0.6224489795918368,0.4,0.15491933384829668
0.9081632653061225,0.6326530612244898,0.1,0.09486832980505139
0.9081632653061225,0.6428571428571428,0.6,0.15491933384829668
0.9081632653061225,0.653061224489796,0.2,0.12649110640673517
0.9081632653061225,0.6632653061224489,0.4,0.15491933384829668
0.9081632653061225,0.673469387755102,0.0,0.0
0.9081632653061225,0.6836734693877551,0.1,0.09486832980505139
0.9081632653061225,0.6938775510204082,0.0,0.0
0.9081632653061225,0.7040816326530612,0.1,0.09486832980505139
0.9081632653061225,0.7142857142857143,0.1,0.09486832980505139
0.9081632653061225,0.7244897959183674,0.0,0.0
0.9081632653061225,0.7346938775510203,0.1,0.09486832980505139
0.9081632653061225,0.7448979591836735,0.0,0.0
0.9081632653061225,0.7551020408163265,0.0,0.0
0.9081632653061225,0.7653061224489797,0.0,0.0
0.9081632653061225,0.7755102040816326,0.0,0.0
0.9081632653061225,0.7857142857142857,0.0,0.0
0.9081632653061225,0.7959183673469388,0.1,0.09486832980505139
0.9081632653061225,0.8061224489795918,0.0,0.0
0.9081632653061225,0.8163265306122449,0.0,0.0
0.9081632653061225,0.826530612244898,0.0,0.0
0.9081632653061225,0.8367346938775511,0.0,0.0
0.9081632653061225,0.846938775510204,0.0,0.0
0.9081632653061225,0.8571428571428572,0.0,0.0
0.9081632653061225,0.8673469387755102,0.0,0.0
0.9081632653061225,0.8775510204081634,0.0,0.0
0.9081632653061225,0.8877551020408163,0.0,0.0
0.9081632653061225,0.8979591836734694,0.0,0.0
0.9081632653061225,0.9081632653061225,0.0,0.0
0.9183673469387755,0.5,1.0,0.0
0.9183673469387755,0.5102040816326531,1.0,0.0
0.9183673469387755,0.5204081632653061,1.0,0.0
0.9183673469387755,0.5306122448979592,1.0,0.0
0.9183673469387755,0.5408163265306123,1.0,0.0
0.9183673469387755,0.5510204081632653,1.0,0.0
0.9183673469387755,0.5612244897959183,0.8,0.12649110640673517
0.9183673469387755,0.5714285714285714,0.9,0.09486832980505137
0.9183673469387755,0.5816326530612245,0.7,0.14491376746189438
0.9183673469387755,0.5918367346938775,0.7,0.14491376746189438
0.9183673469387755,0.6020408163265306,0.6,0.15491933384829668
0.9183673469387755,0.6122448979591837,0.4,0.15491933384829668
0.9183673469387755,0.6224489795918368,0.4,0.15491933384829668
0.9183673469387755,0.6326530612244898,0.5,0.15811388300841897
0.9183673469387755,0.6428571428571429,0.5,0.15811388300841897
0.9183673469387755,0.653061224489796,0.4,0.1549193338482967
0.9183673469387755,0.6632653061224489,0.2,0.1264911064067352
0.9183673469387755,0.673469387755102,0.4,0.15491933384829665
0.9183673469387755,0.6836734693877551,0.2,0.1264911064067352
0.9183673469387755,0.6938775510204082,0.0,0.0
0.9183673469387755,0.7040816326530612,0.3,0.14491376746189435
0.9183673469387755,0.7142857142857143,0.1,0.09486832980505139
0.9183673469387755,0.7244897959183674,0.0,0.0
0.9183673469387755,0.7346938775510204,0.0,0.0
0.9183673469387755,0.7448979591836735,0.0,0.0
0.9183673469387755,0.7551020408163265,0.0,0.0
0.9183673469387755,0.7653061224489797,0.0,0.0
0.9183673469387755,0.7755102040816326,0.0,0.0
0.9183673469387755,0.7857142857142858,0.0,0.0
0.9183673469387755,0.7959183673469388,0.0,0.0
0.9183673469387755,0.8061224489795918,0.0,0.0
0.9183673469387755,0.8163265306122449,0.0,0.0
0.9183673469387755,0.826530612244898,0.0,0.0
0.9183673469387755,0.8367346938775511,0.0,0.0
0.9183673469387755,0.846938775510204,0.0,0.0
0.9183673469387755,0.8571428571428572,0.0,0.0
0.9183673469387755,0.8673469387755102,0.0,0.0
0.9183673469387755,0.8775510204081634,0.0,0.0
0.9183673469387755,0.8877551020408163,0.0,0.0
0.9183673469387755,0.8979591836734694,0.0,0.0
0.9183673469387755,0.9081632653061225,0.0,0.0
0.9183673469387755,0.9183673469387755,0.0,0.0
0.9285714285714286,0.5,1.0,0.0
0.9285714285714286,0.5102040816326531,1.0,0.0
0.9285714285714286,0.5204081632653061,0.9,0.09486832980505139
0.9285714285714286,0.5306122448979592,1.0,0.0
0.9285714285714286,0.5408163265306123,0.8,0.12649110640673517
0.9285714285714286,0.5510204081632653,1.0,0.0
0.9285714285714286,0.5612244897959183,0.9,0.09486832980505139
0.9285714285714286,0.5714285714285714,0.7,0.14491376746189438
0.9285714285714286,0.5816326530612245,0.9,0.09486832980505137
0.9285714285714286,0.5918367346938775,0.6,0.15491933384829668
0.9285714285714286,0.6020408163265306,0.9,0.09486832980505137
0.9285714285714286,0.6122448979591837,0.7,0.14491376746189438
0.9285714285714286,0.6224489795918368,0.7,0.14491376746189438
0.9285714285714286,0.6326530612244898,0.4,0.15491933384829668
0.9285714285714286,0.6428571428571428,0.5,0.15811388300841897
0.9285714285714286,0.653061224489796,0.3,0.14491376746189435
0.9285714285714286,0.6632653061224489,0.5,0.15811388300841897
0.9285714285714286,0.6734693877551021,0.1,0.09486832980505139
0.9285714285714286,0.6836734693877551,0.1,0.09486832980505139
0.9285714285714286,0.6938775510204082,0.0,0.0
0.9285714285714286,0.7040816326530612,0.1,0.09486832980505139
0.9285714285714286,0.7142857142857143,0.0,0.0
0.9285714285714286,0.7244897959183674,0.0,0.0
0.9285714285714286,0.7346938775510204,0.0,0.0
0.9285714285714286,0.7448979591836735,0.1,0.09486832980505139
0.9285714285714286,0.7551020408163265,0.0,0.0
0.9285714285714286,0.7653061224489797,0.0,0.0
0.9285714285714286,0.7755102040816326,0.0,0.0
0.9285714285714286,0.7857142857142857,0.0,0.0
0.9285714285714286,0.7959183673469388,0.0,0.0
0.9285714285714286,0.8061224489795918,0.0,0.0
0.9285714285714286,0.8163265306122449,0.0,0.0
0.9285714285714286,0.826530612244898,0.0,0.0
0.9285714285714286,0.8367346938775511,0.0,0.0
0.9285714285714286,0.8469387755102041,0.0,0.0
0.9285714285714286,0.8571428571428572,0.0,0.0
0.9285714285714286,0.8673469387755102,0.0,0.0
0.9285714285714286,0.8775510204081634,0.0,0.0
0.9285714285714286,0.8877551020408163,0.0,0.0
0.9285714285714286,0.8979591836734695,0.0,0.0
0.9285714285714286,0.9081632653061225,0.0,0.0
0.9285714285714286,0.9183673469387755,0.0,0.0
0.9285714285714286,0.9285714285714286,0.0,0.0
0.9387755102040816,0.5,1.0,0.0
0.9387755102040816,0.5102040816326531,1.0,0.0
0.9387755102040816,0.5204081632653061,1.0,0.0
0.9387755102040816,0.5306122448979592,1.0,0.0
0.9387755102040816,0.5408163265306123,1.0,0.0
0.9387755102040816,0.5510204081632653,1.0,0.0
0.9387755102040816,0.5612244897959183,0.8,0.12649110640673517
0.9387755102040816,0.5714285714285714,1.0,0.0
0.9387755102040816,0.5816326530612245,0.9,0.09486832980505137
0.9387755102040816,0.5918367346938775,1.0,0.0
0.9387755102040816,0.6020408163265306,0.7,0.14491376746189438
0.9387755102040816,0.6122448979591837,0.8,0.1264911064067352
0.9387755102040816,0.6224489795918368,0.8,0.1264911064067352
0.9387755102040816,0.6326530612244898,0.8,0.12649110640673517
0.9387755102040816,0.6428571428571428,0.5,0.15811388300841897
0.9387755102040816,0.6530612244897959,0.6,0.15491933384829668
0.9387755102040816,0.6632653061224489,0.4,0.15491933384829668
0.9387755102040816,0.673469387755102,0.3,0.14491376746189438
0.9387755102040816,0.6836734693877551,0.2,0.1264911064067352
0.9387755102040816,0.6938775510204082,0.3,0.14491376746189438
0.9387755102040816,0.7040816326530612,0.0,0.0
0.9387755102040816,0.7142857142857142,0.2,0.1264911064067352
0.9387755102040816,0.7244897959183674,0.1,0.09486832980505139
0.9387755102040816,0.7346938775510203,0.1,0.09486832980505139
0.9387755102040816,0.7448979591836734,0.0,0.0
0.9387755102040816,0.7551020408163265,0.1,0.09486832980505139
0.9387755102040816,0.7653061224489796,0.0,0.0
0.9387755102040816,0.7755102040816326,0.0,0.0
0.9387755102040816,0.7857142857142857,0.0,0.0
0.9387755102040816,0.7959183673469388,0.0,0.0
0.9387755102040816,0.8061224489795917,0.0,0.0
0.9387755102040816,0.8163265306122448,0.0,0.0
0.9387755102040816,0.8265306122448979,0.0,0.0
0.9387755102040816,0.8367346938775511,0.0,0.0
0.9387755102040816,0.846938775510204,0.0,0.0
0.9387755102040816,0.8571428571428571,0.0,0.0
0.9387755102040816,0.8673469387755102,0.0,0.0
0.9387755102040816,0.8775510204081631,0.0,0.0
0.9387755102040816,0.8877551020408163,0.0,0.0
0.9387755102040816,0.8979591836734693,0.0,0.0
0.9387755102040816,0.9081632653061225,0.0,0.0
0.9387755102040816,0.9183673469387754,0.0,0.0
0.9387755102040816,0.9285714285714285,0.0,0.0
0.9387755102040816,0.9387755102040816,0.0,0.0
0.9489795918367347,0.5,1.0,0.0
0.9489795918367347,0.5102040816326531,1.0,0.0
0.9489795918367347,0.5204081632653061,1.0,0.0
0.9489795918367347,0.5306122448979592,1.0,0.0
0.9489795918367347,0.5408163265306123,0.9,0.09486832980505139
0.9489795918367347,0.5510204081632653,1.0,0.0
0.9489795918367347,0.5612244897959183,1.0,0.0
0.9489795918367347,0.5714285714285714,0.6,0.15491933384829668
0.9489795918367347,0.5816326530612245,1.0,0.0
0.9489795918367347,0.5918367346938775,1.0,0.0
0.9489795918367347,0.6020408163265306,0.9,0.09486832980505139
0.9489795918367347,0.6122448979591837,0.7,0.14491376746189438
0.9489795918367347,0.6224489795918368,0.6,0.15491933384829665
0.9489795918367347,0.6326530612244898,0.8,0.12649110640673517
0.9489795918367347,0.6428571428571429,0.5,0.15811388300841897
0.9489795918367347,0.653061224489796,0.5,0.15811388300841897
0.9489795918367347,0.6632653061224489,0.6,0.15491933384829668
0.9489795918367347,0.6734693877551021,0.6,0.15491933384829668
0.9489795918367347,0.6836734693877551,0.4,0.15491933384829668
0.9489795918367347,0.6938775510204082,0.2,0.1264911064067352
0.9489795918367347,0.7040816326530612,0.1,0.09486832980505139
0.9489795918367347,0.7142857142857143,0.0,0.0
0.9489795918367347,0.7244897959183674,0.0,0.0
0.9489795918367347,0.7346938775510204,0.0,0.0
0.9489795918367347,0.7448979591836735,0.0,0.0
0.9489795918367347,0.7551020408163266,0.0,0.0
0.9489795918367347,0.7653061224489797,0.0,0.0
0.9489795918367347,0.7755102040816326,0.0,0.0
0.9489795918367347,0.7857142857142858,0.0,0.0
0.9489795918367347,0.7959183673469388,0.0,0.0
0.9489795918367347,0.8061224489795918,0.0,0.0
0.9489795918367347,0.8163265306122449,0.0,0.0
0.9489795918367347,0.826530612244898,0.0,0.0
0.9489795918367347,0.8367346938775511,0.0,0.0
0.9489795918367347,0.8469387755102041,0.0,0.0
0.9489795918367347,0.8571428571428572,0.0,0.0
0.9489795918367347,0.8673469387755103,0.0,0.0
0.9489795918367347,0.8775510204081634,0.0,0.0
0.9489795918367347,0.8877551020408163,0.0,0.0
0.9489795918367347,0.8979591836734695,0.0,0.0
0.9489795918367347,0.9081632653061225,0.0,0.0
0.9489795918367347,0.9183673469387755,0.0,0.0
0.9489795918367347,0.9285714285714286,0.0,0.0
0.9489795918367347,0.9387755102040817,0.0,0.0
0.9489795918367347,0.9489795918367347,0.0,0.0
0.9591836734693877,0.5,1.0,0.0
0.9591836734693877,0.5102040816326531,1.0,0.0
0.9591836734693877,0.5204081632653061,1.0,0.0
0.9591836734693877,0.5306122448979592,1.0,0.0
0.9591836734693877,0.5408163265306123,1.0,0.0
0.9591836734693877,0.5510204081632653,0.9,0.09486832980505137
0.9591836734693877,0.5612244897959183,0.9,0.09486832980505139
0.9591836734693877,0.5714285714285714,0.9,0.09486832980505139
0.9591836734693877,0.5816326530612245,0.8,0.1264911064067352
0.9591836734693877,0.5918367346938775,1.0,0.0
0.9591836734693877,0.6020408163265306,0.6,0.15491933384829668
0.9591836734693877,0.6122448979591837,0.6,0.15491933384829668
0.9591836734693877,0.6224489795918368,0.9,0.09486832980505137
0.9591836734693877,0.6326530612244898,0.9,0.09486832980505137
0.9591836734693877,0.6428571428571428,0.8,0.12649110640673517
0.9591836734693877,0.6530612244897959,0.7,0.14491376746189438
0.9591836734693877,0.6632653061224489,0.4,0.15491933384829665
0.9591836734693877,0.673469387755102,0.8,0.12649110640673517
0.9591836734693877,0.6836734693877551,0.2,0.12649110640673517
0.9591836734693877,0.6938775510204082,0.4,0.15491933384829668
0.9591836734693877,0.7040816326530612,0.3,0.14491376746189435
0.9591836734693877,0.7142857142857143,0.1,0.09486832980505139
0.9591836734693877,0.7244897959183674,0.1,0.09486832980505139
0.9591836734693877,0.7346938775510203,0.1,0.09486832980505139
0.9591836734693877,0.7448979591836734,0.0,0.0
0.9591836734693877,0.7551020408163265,0.0,0.0
0.9591836734693877,0.7653061224489796,0.1,0.09486832980505139
0.9591836734693877,0.7755102040816326,0.0,0.0
0.9591836734693877,0.7857142857142857,0.0,0.0
0.9591836734693877,0.7959183673469388,0.0,0.0
0.9591836734693877,0.8061224489795917,0.1,0.09486832980505139
0.9591836734693877,0.8163265306122449,0.0,0.0
0.9591836734693877,0.8265306122448979,0.0,0.0
0.9591836734693877,0.836734693877551,0.0,0.0
0.9591836734693877,0.846938775510204,0.0,0.0
0.9591836734693877,0.8571428571428571,0.0,0.0
0.9591836734693877,0.8673469387755102,0.0,0.0
0.9591836734693877,0.8775510204081631,0.0,0.0
0.9591836734693877,0.8877551020408163,0.0,0.0
0.9591836734693877,0.8979591836734694,0.0,0.0
0.9591836734693877,0.9081632653061225,0.0,0.0
0.9591836734693877,0.9183673469387754,0.0,0.0
0.9591836734693877,0.9285714285714286,0.0,0.0
0.9591836734693877,0.9387755102040816,0.0,0.0
0.9591836734693877,0.9489795918367346,0.0,0.0
0.9591836734693877,0.9591836734693877,0.0,0.0
0.9693877551020409,0.5,1.0,0.0
0.9693877551020409,0.5102040816326531,1.0,0.0
0.9693877551020409,0.5204081632653061,1.0,0.0
0.9693877551020409,0.5306122448979592,1.0,0.0
0.9693877551020409,0.5408163265306123,1.0,0.0
0.9693877551020409,0.5510204081632654,1.0,0.0
0.9693877551020409,0.5612244897959183,1.0,0.0
0.9693877551020409,0.5714285714285714,0.9,0.09486832980505139
0.9693877551020409,0.5816326530612245,0.9,0.09486832980505137
0.9693877551020409,0.5918367346938775,1.0,0.0
0.9693877551020409,0.6020408163265306,0.8,0.1264911064067352
0.9693877551020409,0.6122448979591837,0.9,0.09486832980505137
0.9693877551020409,0.6224489795918368,0.8,0.12649110640673517
0.9693877551020409,0.6326530612244898,0.8,0.1264911064067352
0.9693877551020409,0.6428571428571429,0.5,0.15811388300841897
0.9693877551020409,0.653061224489796,0.6,0.15491933384829665
0.9693877551020409,0.6632653061224489,0.7,0.14491376746189438
0.9693877551020409,0.6734693877551021,0.7,0.14491376746189438
0.9693877551020409,0.6836734693877551,0.4,0.15491933384829665
0.9693877551020409,0.6938775510204082,0.6,0.15491933384829668
0.9693877551020409,0.7040816326530612,0.4,0.15491933384829665
0.9693877551020409,0.7142857142857143,0.1,0.09486832980505139
0.9693877551020409,0.7244897959183674,0.1,0.09486832980505139
0.9693877551020409,0.7346938775510204,0.1,0.09486832980505139
0.9693877551020409,0.7448979591836735,0.0,0.0
0.9693877551020409,0.7551020408163265,0.0,0.0
0.9693877551020409,0.7653061224489797,0.0,0.0
0.9693877551020409,0.7755102040816327,0.0,0.0
0.9693877551020409,0.7857142857142858,0.0,0.0
0.9693877551020409,0.7959183673469388,0.0,0.0
0.9693877551020409,0.806122448979592,0.0,0.0
0.9693877551020409,0.8163265306122449,0.0,0.0
0.9693877551020409,0.826530612244898,0.0,0.0
0.9693877551020409,0.8367346938775511,0.0,0.0
0.9693877551020409,0.8469387755102041,0.0,0.0
0.9693877551020409,0.8571428571428572,0.0,0.0
0.9693877551020409,0.8673469387755103,0.0,0.0
0.9693877551020409,0.8775510204081634,0.0,0.0
0.9693877551020409,0.8877551020408163,0.0,0.0
0.9693877551020409,0.8979591836734695,0.0,0.0
0.9693877551020409,0.9081632653061225,0.0,0.0
0.9693877551020409,0.9183673469387756,0.0,0.0
0.9693877551020409,0.9285714285714286,0.0,0.0
0.9693877551020409,0.9387755102040818,0.0,0.0
0.9693877551020409,0.9489795918367347,0.0,0.0
0.9693877551020409,0.9591836734693878,0.0,0.0
0.9693877551020409,0.9693877551020409,0.0,0.0
0.9795918367346939,0.5,1.0,0.0
0.9795918367346939,0.5102040816326531,1.0,0.0
0.9795918367346939,0.5204081632653061,1.0,0.0
0.9795918367346939,0.5306122448979592,1.0,0.0
0.9795918367346939,0.5408163265306123,1.0,0.0
0.9795918367346939,0.5510204081632653,1.0,0.0
0.9795918367346939,0.5612244897959183,1.0,0.0
0.9795918367346939,0.5714285714285714,1.0,0.0
0.9795918367346939,0.5816326530612245,1.0,0.0
0.9795918367346939,0.5918367346938775,1.0,0.0
0.9795918367346939,0.6020408163265306,1.0,0.0
0.9795918367346939,0.6122448979591837,1.0,0.0
0.9795918367346939,0.6224489795918368,0.9,0.09486832980505137
0.9795918367346939,0.6326530612244898,0.9,0.09486832980505137
0.9795918367346939,0.6428571428571428,1.0,0.0
0.9795918367346939,0.653061224489796,0.8,0.1264911064067352
0.9795918367346939,0.6632653061224489,0.9,0.09486832980505139
0.9795918367346939,0.673469387755102,0.8,0.12649110640673517
0.9795918367346939,0.6836734693877551,0.8,0.12649110640673517
0.9795918367346939,0.6938775510204082,0.8,0.1264911064067352
0.9795918367346939,0.7040816326530612,0.6,0.15491933384829668
0.9795918367346939,0.7142857142857143,0.6,0.15491933384829665
0.9795918367346939,0.7244897959183674,0.2,0.1264911064067352
0.9795918367346939,0.7346938775510203,0.1,0.09486832980505139
0.9795918367346939,0.7448979591836734,0.2,0.1264911064067352
0.9795918367346939,0.7551020408163265,0.0,0.0
0.9795918367346939,0.7653061224489797,0.2,0.1264911064067352
0.9795918367346939,0.7755102040816326,0.0,0.0
0.9795918367346939,0.7857142857142857,0.0,0.0
0.9795918367346939,0.7959183673469388,0.0,0.0
0.9795918367346939,0.8061224489795918,0.0,0.0
0.9795918367346939,0.8163265306122449,0.0,0.0
0.9795918367346939,0.8265306122448979,0.0,0.0
0.9795918367346939,0.8367346938775511,0.0,0.0
0.9795918367346939,0.846938775510204,0.0,0.0
0.9795918367346939,0.8571428571428571,0.0,0.0
0.9795918367346939,0.8673469387755102,0.0,0.0
0.9795918367346939,0.8775510204081632,0.0,0.0
0.9795918367346939,0.8877551020408163,0.0,0.0
0.9795918367346939,0.8979591836734693,0.0,0.0
0.9795918367346939,0.9081632653061225,0.0,0.0
0.9795918367346939,0.9183673469387755,0.0,0.0
0.9795918367346939,0.9285714285714286,0.0,0.0
0.9795918367346939,0.9387755102040816,0.0,0.0
0.9795918367346939,0.9489795918367347,0.0,0.0
0.9795918367346939,0.9591836734693877,0.0,0.0
0.9795918367346939,0.9693877551020408,0.0,0.0
0.9795918367346939,0.9795918367346939,0.0,0.0
0.9897959183673469,0.5,1.0,0.0
0.9897959183673469,0.5102040816326531,1.0,0.0
0.9897959183673469,0.5204081632653061,1.0,0.0
0.9897959183673469,0.5306122448979592,1.0,0.0
0.9897959183673469,0.5408163265306123,1.0,0.0
0.9897959183673469,0.5510204081632653,1.0,0.0
0.9897959183673469,0.5612244897959183,1.0,0.0
0.9897959183673469,0.5714285714285714,1.0,0.0
0.9897959183673469,0.5816326530612245,1.0,0.0
0.9897959183673469,0.5918367346938775,1.0,0.0
0.9897959183673469,0.6020408163265306,1.0,0.0
0.9897959183673469,0.6122448979591837,1.0,0.0
0.9897959183673469,0.6224489795918368,1.0,0.0
0.9897959183673469,0.6326530612244898,1.0,0.0
0.9897959183673469,0.6428571428571428,0.9,0.09486832980505137
0.9897959183673469,0.653061224489796,1.0,0.0
0.9897959183673469,0.6632653061224489,1.0,0.0
0.9897959183673469,0.673469387755102,0.9,0.09486832980505139
0.9897959183673469,0.6836734693877551,0.7,0.14491376746189438
0.9897959183673469,0.6938775510204082,0.9,0.09486832980505137
0.9897959183673469,0.7040816326530612,0.6,0.15491933384829668
0.9897959183673469,0.7142857142857143,0.8,0.1264911064067352
0.9897959183673469,0.7244897959183674,0.6,0.15491933384829668
0.9897959183673469,0.7346938775510204,0.6,0.15491933384829668
0.9897959183673469,0.7448979591836735,0.22000000000000003,0.12473972903610141
0.9897959183673469,0.7551020408163265,0.3,0.14491376746189438
0.9897959183673469,0.7653061224489796,0.1,0.09486832980505139
0.9897959183673469,0.7755102040816326,0.32,0.14198591479439077
0.9897959183673469,0.7857142857142857,0.03,0.02846049894151541
0.9897959183673469,0.7959183673469388,0.03,0.02846049894151541
0.9897959183673469,0.8061224489795918,0.0,0.0
0.9897959183673469,0.8163265306122449,0.0,0.0
0.9897959183673469,0.8265306122448979,0.0,0.0
0.9897959183673469,0.8367346938775511,0.02,0.018973665961010275
0.9897959183673469,0.846938775510204,0.0,0.0
0.9897959183673469,0.8571428571428571,0.0,0.0
0.9897959183673469,0.8673469387755102,0.0,0.0
0.9897959183673469,0.8775510204081634,0.0,0.0
0.9897959183673469,0.8877551020408163,0.0,0.0
0.9897959183673469,0.8979591836734694,0.0,0.0
0.9897959183673469,0.9081632653061225,0.0,0.0
0.9897959183673469,0.9183673469387754,0.0,0.0
0.9897959183673469,0.9285714285714286,0.0,0.0
0.9897959183673469,0.9387755102040816,0.0,0.0
0.9897959183673469,0.9489795918367347,0.0,0.0
0.9897959183673469,0.9591836734693877,0.0,0.0
0.9897959183673469,0.9693877551020409,0.0,0.0
0.9897959183673469,0.9795918367346939,0.0,0.0
0.9897959183673469,0.9897959183673469,0.0,0.0
1.0,0.5,1.0,0.0
1.0,0.5102040816326531,1.0,0.0
1.0,0.5204081632653061,1.0,0.0
1.0,0.5306122448979592,1.0,0.0
1.0,0.5408163265306123,1.0,0.0
1.0,0.5510204081632653,1.0,0.0
1.0,0.5612244897959183,1.0,0.0
1.0,0.5714285714285714,1.0,0.0
1.0,0.5816326530612245,1.0,0.0
1.0,0.5918367346938775,1.0,0.0
1.0,0.6020408163265306,1.0,0.0
1.0,0.6122448979591837,1.0,0.0
1.0,0.6224489795918368,1.0,0.0
1.0,0.6326530612244898,1.0,0.0
1.0,0.6428571428571428,1.0,0.0
1.0,0.653061224489796,1.0,0.0
1.0,0.6632653061224489,1.0,0.0
1.0,0.673469387755102,1.0,0.0
1.0,0.6836734693877551,1.0,0.0
1.0,0.6938775510204082,1.0,0.0
1.0,0.7040816326530612,1.0,0.0
1.0,0.7142857142857143,1.0,0.0
1.0,0.7244897959183674,1.0,0.0
1.0,0.7346938775510204,1.0,0.0
1.0,0.7448979591836735,0.79,0.10242070103255495
1.0,0.7551020408163265,0.85,0.09513148795220223
1.0,0.7653061224489797,1.0,0.0
1.0,0.7755102040816326,0.52,0.10373041983911951
1.0,0.7857142857142857,0.55,0.09617692030835671
1.0,0.7959183673469388,0.38,0.07183313998427188
1.0,0.8061224489795918,0.48,0.10844353369380767
1.0,0.8163265306122449,0.27,0.020248456731316585
1.0,0.8265306122448979,0.38000000000000006,0.09879271228182775
1.0,0.8367346938775511,0.19999999999999998,8.777083671441753e-18
1.0,0.846938775510204,0.22999999999999998,0.014491376746189435
1.0,0.8571428571428572,0.24999999999999994,0.021213203435596427
1.0,0.8673469387755102,0.26,0.025298221281347035
1.0,0.8775510204081632,0.24,0.01549193338482966
1.0,0.8877551020408163,0.23000000000000004,0.014491376746189435
1.0,0.8979591836734694,0.19999999999999998,8.777083671441753e-18
1.0,0.9081632653061225,0.22000000000000003,0.012649110640673514
1.0,0.9183673469387755,0.22000000000000003,0.012649110640673514
1.0,0.9285714285714286,0.21000000000000002,0.009486832980505134
1.0,0.9387755102040816,0.24,0.01549193338482966
1.0,0.9489795918367347,0.20999999999999996,0.009486832980505138
1.0,0.9591836734693877,0.21000000000000002,0.009486832980505134
1.0,0.9693877551020409,0.21000000000000002,0.009486832980505134
1.0,0.9795918367346939,0.19999999999999998,8.777083671441753e-18
1.0,0.9897959183673469,0.19999999999999998,8.777083671441753e-18
1.0,1.0,0.19999999999999998,8.777083671441753e-18
