#Time elapsed: 30843.98757457733
#alpha: 0.27, px1: 0.25, px2: 0.25, T max: 2000, ncon: 2, n realizations: 10, n nodes: 1000, nmin: 4, ns: 50
#s1_s2_x_errx
0.5,nan,0.3466,0.002182658928921323
0.5102040816326531,0.5,0.8,0.12649110640673517
0.5102040816326531,0.5102040816326531,0.0,0.0
0.5204081632653061,0.5,0.9,0.09486832980505139
0.5204081632653061,0.5102040816326531,0.0608,0.05767994452147122
0.5204081632653061,0.5204081632653061,0.0,0.0
0.5306122448979592,0.5,1.0,0.0
0.5306122448979592,0.5102040816326531,0.2874,0.13920806011147488
0.5306122448979592,0.5204081632653061,0.0,0.0
0.5306122448979592,0.5306122448979592,0.0,0.0
0.5408163265306123,0.5,1.0,0.0
0.5408163265306123,0.5102040816326531,0.9870000000000001,0.012332882874656679
0.5408163265306123,0.5204081632653061,0.0,0.0
0.5408163265306123,0.5306122448979592,0.0,0.0
0.5408163265306123,0.5408163265306123,0.0,0.0
0.5510204081632653,0.5,1.0,0.0
0.5510204081632653,0.5102040816326531,1.0,0.0
0.5510204081632653,0.5204081632653061,0.0,0.0
0.5510204081632653,0.5306122448979591,0.0,0.0
0.5510204081632653,0.5408163265306122,0.0,0.0
0.5510204081632653,0.5510204081632653,0.0,0.0
0.5612244897959183,0.5,1.0,0.0
0.5612244897959183,0.5102040816326531,1.0,0.0
0.5612244897959183,0.5204081632653061,0.30979999999999996,0.13720326526726687
0.5612244897959183,0.5306122448979591,0.0,0.0
0.5612244897959183,0.5408163265306122,0.0,0.0
0.5612244897959183,0.5510204081632653,0.0,0.0
0.5612244897959183,0.5612244897959183,0.0,0.0
0.5714285714285714,0.5,1.0,0.0
0.5714285714285714,0.5102040816326531,1.0,0.0
0.5714285714285714,0.5204081632653061,0.9251999999999999,0.061151745682359704
0.5714285714285714,0.5306122448979592,0.0,0.0
0.5714285714285714,0.5408163265306122,0.0,0.0
0.5714285714285714,0.5510204081632653,0.0,0.0
0.5714285714285714,0.5612244897959183,0.0,0.0
0.5714285714285714,0.5714285714285714,0.0,0.0
0.5816326530612245,0.5,1.0,0.0
0.5816326530612245,0.5102040816326531,1.0,0.0
0.5816326530612245,0.5204081632653061,1.0,0.0
0.5816326530612245,0.5306122448979592,0.124,0.09507050015646282
0.5816326530612245,0.5408163265306123,0.0,0.0
0.5816326530612245,0.5510204081632653,0.0,0.0
0.5816326530612245,0.5612244897959183,0.0,0.0
0.5816326530612245,0.5714285714285714,0.0,0.0
0.5816326530612245,0.5816326530612245,0.0,0.0
0.5918367346938775,0.5,1.0,0.0
0.5918367346938775,0.5102040816326531,1.0,0.0
0.5918367346938775,0.5204081632653061,1.0,0.0
0.5918367346938775,0.5306122448979592,0.6416999999999999,0.06973579425230632
0.5918367346938775,0.5408163265306123,0.0,0.0
0.5918367346938775,0.5510204081632653,0.0,0.0
0.5918367346938775,0.5612244897959183,0.0,0.0
0.5918367346938775,0.5714285714285714,0.0,0.0
0.5918367346938775,0.5816326530612245,0.0,0.0
0.5918367346938775,0.5918367346938775,0.0,0.0
0.6020408163265306,0.5,1.0,0.0
0.6020408163265306,0.5102040816326531,1.0,0.0
0.6020408163265306,0.5204081632653061,1.0,0.0
0.6020408163265306,0.5306122448979592,0.8318999999999999,0.0963124550616378
0.6020408163265306,0.5408163265306123,0.011699999999999999,0.008786409960842937
0.6020408163265306,0.5510204081632653,0.0,0.0
0.6020408163265306,0.5612244897959183,0.0,0.0
0.6020408163265306,0.5714285714285714,0.0,0.0
0.6020408163265306,0.5816326530612245,0.0,0.0
0.6020408163265306,0.5918367346938775,0.0,0.0
0.6020408163265306,0.6020408163265306,0.0,0.0
0.6122448979591837,0.5,1.0,0.0
0.6122448979591837,0.5102040816326531,1.0,0.0
0.6122448979591837,0.5204081632653061,1.0,0.0
0.6122448979591837,0.5306122448979592,0.9588000000000001,0.03908575187968117
0.6122448979591837,0.5408163265306123,0.1299,0.06641919150366103
0.6122448979591837,0.5510204081632653,0.0,0.0
0.6122448979591837,0.5612244897959183,0.0,0.0
0.6122448979591837,0.5714285714285714,0.0,0.0
0.6122448979591837,0.5816326530612245,0.0,0.0
0.6122448979591837,0.5918367346938775,0.0,0.0
0.6122448979591837,0.6020408163265306,0.0,0.0
0.6122448979591837,0.6122448979591837,0.0,0.0
0.6224489795918368,0.5,1.0,0.0
0.6224489795918368,0.5102040816326531,1.0,0.0
0.6224489795918368,0.5204081632653061,1.0,0.0
0.6224489795918368,0.5306122448979592,1.0,0.0
0.6224489795918368,0.5408163265306123,0.48439999999999994,0.05822116453661847
0.6224489795918368,0.5510204081632654,0.0,0.0
0.6224489795918368,0.5612244897959184,0.0,0.0
0.6224489795918368,0.5714285714285714,0.0,0.0
0.6224489795918368,0.5816326530612245,0.0,0.0
0.6224489795918368,0.5918367346938775,0.0,0.0
0.6224489795918368,0.6020408163265306,0.0,0.0
0.6224489795918368,0.6122448979591837,0.0,0.0
0.6224489795918368,0.6224489795918368,0.0,0.0
0.6326530612244898,0.5,1.0,0.0
0.6326530612244898,0.5102040816326531,1.0,0.0
0.6326530612244898,0.5204081632653061,1.0,0.0
0.6326530612244898,0.5306122448979592,1.0,0.0
0.6326530612244898,0.5408163265306123,0.7793999999999999,0.07418641385051578
0.6326530612244898,0.5510204081632654,0.1146,0.04485848860583692
0.6326530612244898,0.5612244897959184,0.0,0.0
0.6326530612244898,0.5714285714285714,0.0,0.0
0.6326530612244898,0.5816326530612245,0.0,0.0
0.6326530612244898,0.5918367346938775,0.0,0.0
0.6326530612244898,0.6020408163265306,0.0,0.0
0.6326530612244898,0.6122448979591837,0.0,0.0
0.6326530612244898,0.6224489795918368,0.0,0.0
0.6326530612244898,0.6326530612244898,0.0,0.0
0.6428571428571428,0.5,1.0,0.0
0.6428571428571428,0.5102040816326531,1.0,0.0
0.6428571428571428,0.5204081632653061,1.0,0.0
0.6428571428571428,0.5306122448979592,1.0,0.0
0.6428571428571428,0.5408163265306122,0.8934000000000001,0.05191362056339358
0.6428571428571428,0.5510204081632653,0.32030000000000003,0.040036495850661054
0.6428571428571428,0.5612244897959183,0.0605,0.03634150519722594
0.6428571428571428,0.5714285714285714,0.0,0.0
0.6428571428571428,0.5816326530612245,0.0,0.0
0.6428571428571428,0.5918367346938775,0.0,0.0
0.6428571428571428,0.6020408163265306,0.0,0.0
0.6428571428571428,0.6122448979591836,0.0,0.0
0.6428571428571428,0.6224489795918366,0.0,0.0
0.6428571428571428,0.6326530612244897,0.0,0.0
0.6428571428571428,0.6428571428571428,0.0,0.0
0.653061224489796,0.5,1.0,0.0
0.653061224489796,0.5102040816326531,1.0,0.0
0.653061224489796,0.5204081632653061,1.0,0.0
0.653061224489796,0.5306122448979592,1.0,0.0
0.653061224489796,0.5408163265306123,0.8702,0.04774281097715131
0.653061224489796,0.5510204081632654,0.4566,0.0413255852953107
0.653061224489796,0.5612244897959184,0.14820000000000003,0.044527474664525946
0.653061224489796,0.5714285714285714,0.006,0.005692099788303082
0.653061224489796,0.5816326530612246,0.0,0.0
0.653061224489796,0.5918367346938775,0.0,0.0
0.653061224489796,0.6020408163265306,0.0,0.0
0.653061224489796,0.6122448979591837,0.0,0.0
0.653061224489796,0.6224489795918368,0.0,0.0
0.653061224489796,0.6326530612244898,0.0,0.0
0.653061224489796,0.6428571428571429,0.0,0.0
0.653061224489796,0.653061224489796,0.0,0.0
0.6632653061224489,0.5,1.0,0.0
0.6632653061224489,0.5102040816326531,1.0,0.0
0.6632653061224489,0.5204081632653061,1.0,0.0
0.6632653061224489,0.5306122448979592,1.0,0.0
0.6632653061224489,0.5408163265306123,0.9823000000000001,0.016791694375494097
0.6632653061224489,0.5510204081632653,0.535,0.030855793621295823
0.6632653061224489,0.5612244897959183,0.3109,0.05150969811598589
0.6632653061224489,0.5714285714285714,0.0692,0.03280847451497859
0.6632653061224489,0.5816326530612245,0.0,0.0
0.6632653061224489,0.5918367346938775,0.0,0.0
0.6632653061224489,0.6020408163265306,0.0,0.0
0.6632653061224489,0.6122448979591837,0.0,0.0
0.6632653061224489,0.6224489795918366,0.0,0.0
0.6632653061224489,0.6326530612244898,0.0,0.0
0.6632653061224489,0.6428571428571428,0.0,0.0
0.6632653061224489,0.6530612244897959,0.0,0.0
0.6632653061224489,0.6632653061224489,0.0,0.0
0.673469387755102,0.5,1.0,0.0
0.673469387755102,0.5102040816326531,1.0,0.0
0.673469387755102,0.5204081632653061,1.0,0.0
0.673469387755102,0.5306122448979592,1.0,0.0
0.673469387755102,0.5408163265306123,1.0,0.0
0.673469387755102,0.5510204081632653,0.7148,0.042574123596381866
0.673469387755102,0.5612244897959183,0.45289999999999997,0.033253706560321956
0.673469387755102,0.5714285714285714,0.213,0.04247728804902686
0.673469387755102,0.5816326530612245,0.0211,0.020017217588865842
0.673469387755102,0.5918367346938775,0.0,0.0
0.673469387755102,0.6020408163265306,0.0,0.0
0.673469387755102,0.6122448979591837,0.0,0.0
0.673469387755102,0.6224489795918368,0.0,0.0
0.673469387755102,0.6326530612244898,0.0,0.0
0.673469387755102,0.6428571428571428,0.0,0.0
0.673469387755102,0.6530612244897959,0.0,0.0
0.673469387755102,0.6632653061224489,0.0,0.0
0.673469387755102,0.673469387755102,0.0,0.0
0.6836734693877551,0.5,1.0,0.0
0.6836734693877551,0.5102040816326531,1.0,0.0
0.6836734693877551,0.5204081632653061,1.0,0.0
0.6836734693877551,0.5306122448979592,1.0,0.0
0.6836734693877551,0.5408163265306123,1.0,0.0
0.6836734693877551,0.5510204081632653,0.8362000000000002,0.04541140825827801
0.6836734693877551,0.5612244897959183,0.4906,0.020521306001324572
0.6836734693877551,0.5714285714285714,0.33809999999999996,0.018799707444532215
0.6836734693877551,0.5816326530612245,0.1301,0.028568671652703766
0.6836734693877551,0.5918367346938775,0.004,0.003794733192202055
0.6836734693877551,0.6020408163265306,0.0,0.0
0.6836734693877551,0.6122448979591837,0.0,0.0
0.6836734693877551,0.6224489795918368,0.0,0.0
0.6836734693877551,0.6326530612244898,0.0,0.0
0.6836734693877551,0.6428571428571428,0.0,0.0
0.6836734693877551,0.653061224489796,0.0,0.0
0.6836734693877551,0.6632653061224489,0.0,0.0
0.6836734693877551,0.673469387755102,0.0,0.0
0.6836734693877551,0.6836734693877551,0.0,0.0
0.6938775510204082,0.5,1.0,0.0
0.6938775510204082,0.5102040816326531,1.0,0.0
0.6938775510204082,0.5204081632653061,1.0,0.0
0.6938775510204082,0.5306122448979592,1.0,0.0
0.6938775510204082,0.5408163265306123,1.0,0.0
0.6938775510204082,0.5510204081632653,0.9011000000000001,0.04172971363429181
0.6938775510204082,0.5612244897959183,0.5197999999999999,0.02557334549878056
0.6938775510204082,0.5714285714285714,0.3766,0.027990069667651777
0.6938775510204082,0.5816326530612245,0.25449999999999995,0.02961697148595717
0.6938775510204082,0.5918367346938775,0.0877,0.028563980815005458
0.6938775510204082,0.6020408163265306,0.020999999999999998,0.01443606594609487
0.6938775510204082,0.6122448979591837,0.0,0.0
0.6938775510204082,0.6224489795918368,0.0,0.0
0.6938775510204082,0.6326530612244898,0.0,0.0
0.6938775510204082,0.6428571428571428,0.0,0.0
0.6938775510204082,0.653061224489796,0.0,0.0
0.6938775510204082,0.6632653061224489,0.0,0.0
0.6938775510204082,0.673469387755102,0.0,0.0
0.6938775510204082,0.6836734693877551,0.0,0.0
0.6938775510204082,0.6938775510204082,0.0,0.0
0.7040816326530612,0.5,1.0,0.0
0.7040816326530612,0.5102040816326531,1.0,0.0
0.7040816326530612,0.5204081632653061,1.0,0.0
0.7040816326530612,0.5306122448979592,1.0,0.0
0.7040816326530612,0.5408163265306123,1.0,0.0
0.7040816326530612,0.5510204081632653,0.9619000000000002,0.025715540048772068
0.7040816326530612,0.5612244897959183,0.5232999999999999,0.031206425620375042
0.7040816326530612,0.5714285714285714,0.45299999999999996,0.026362093998770274
0.7040816326530612,0.5816326530612245,0.3214,0.017997333135773202
0.7040816326530612,0.5918367346938775,0.24180000000000001,0.024323157689740867
0.7040816326530612,0.6020408163265306,0.12940000000000002,0.018668797497428693
0.7040816326530612,0.6122448979591837,0.0,0.0
0.7040816326530612,0.6224489795918368,0.0,0.0
0.7040816326530612,0.6326530612244898,0.0,0.0
0.7040816326530612,0.6428571428571428,0.0,0.0
0.7040816326530612,0.653061224489796,0.0,0.0
0.7040816326530612,0.6632653061224489,0.0,0.0
0.7040816326530612,0.673469387755102,0.0,0.0
0.7040816326530612,0.6836734693877551,0.0,0.0
0.7040816326530612,0.6938775510204082,0.0,0.0
0.7040816326530612,0.7040816326530612,0.0,0.0
0.7142857142857143,0.5,1.0,0.0
0.7142857142857143,0.5102040816326531,1.0,0.0
0.7142857142857143,0.5204081632653061,1.0,0.0
0.7142857142857143,0.5306122448979592,1.0,0.0
0.7142857142857143,0.5408163265306123,1.0,0.0
0.7142857142857143,0.5510204081632653,1.0,0.0
0.7142857142857143,0.5612244897959183,0.6482,0.04235440945167339
0.7142857142857143,0.5714285714285714,0.43210000000000004,0.014199612670773807
0.7142857142857143,0.5816326530612245,0.4053000000000001,0.0182461228758331
0.7142857142857143,0.5918367346938775,0.3012,0.02546519192937685
0.7142857142857143,0.6020408163265306,0.22820000000000001,0.014625183759529314
0.7142857142857143,0.6122448979591837,0.1507,0.02181194626804311
0.7142857142857143,0.6224489795918368,0.0184,0.013065374085727513
0.7142857142857143,0.6326530612244898,0.0,0.0
0.7142857142857143,0.6428571428571428,0.0,0.0
0.7142857142857143,0.653061224489796,0.0,0.0
0.7142857142857143,0.6632653061224489,0.0,0.0
0.7142857142857143,0.6734693877551021,0.0,0.0
0.7142857142857143,0.6836734693877551,0.0,0.0
0.7142857142857143,0.6938775510204082,0.0,0.0
0.7142857142857143,0.7040816326530612,0.0,0.0
0.7142857142857143,0.7142857142857143,0.0,0.0
0.7244897959183674,0.5,1.0,0.0
0.7244897959183674,0.5102040816326531,1.0,0.0
0.7244897959183674,0.5204081632653061,1.0,0.0
0.7244897959183674,0.5306122448979592,1.0,0.0
0.7244897959183674,0.5408163265306123,1.0,0.0
0.7244897959183674,0.5510204081632653,1.0,0.0
0.7244897959183674,0.5612244897959183,0.7215,0.0452509115930276
0.7244897959183674,0.5714285714285714,0.5254000000000001,0.02364664881119521
0.7244897959183674,0.5816326530612245,0.3702,0.0256116379796373
0.7244897959183674,0.5918367346938775,0.3328,0.024556384098641228
0.7244897959183674,0.6020408163265306,0.2424,0.022684444009056077
0.7244897959183674,0.6122448979591837,0.22080000000000002,0.020792210079739
0.7244897959183674,0.6224489795918368,0.1093,0.031901426300402304
0.7244897959183674,0.6326530612244898,0.017599999999999998,0.010274434290996266
0.7244897959183674,0.6428571428571429,0.0,0.0
0.7244897959183674,0.653061224489796,0.0,0.0
0.7244897959183674,0.6632653061224489,0.0,0.0
0.7244897959183674,0.6734693877551021,0.0,0.0
0.7244897959183674,0.6836734693877551,0.0,0.0
0.7244897959183674,0.6938775510204082,0.0,0.0
0.7244897959183674,0.7040816326530612,0.0,0.0
0.7244897959183674,0.7142857142857143,0.0,0.0
0.7244897959183674,0.7244897959183674,0.0,0.0
0.7346938775510204,0.5,1.0,0.0
0.7346938775510204,0.5102040816326531,1.0,0.0
0.7346938775510204,0.5204081632653061,1.0,0.0
0.7346938775510204,0.5306122448979592,1.0,0.0
0.7346938775510204,0.5408163265306123,1.0,0.0
0.7346938775510204,0.5510204081632654,0.9954000000000001,0.0043639431710323666
0.7346938775510204,0.5612244897959183,0.8049000000000002,0.0367873483686987
0.7346938775510204,0.5714285714285714,0.5448999999999999,0.02377875101850389
0.7346938775510204,0.5816326530612245,0.44430000000000003,0.030405936920279236
0.7346938775510204,0.5918367346938775,0.42639999999999995,0.01862643283079184
0.7346938775510204,0.6020408163265306,0.30820000000000003,0.014119348426892794
0.7346938775510204,0.6122448979591837,0.2444,0.012761034440828063
0.7346938775510204,0.6224489795918368,0.1994,0.02189072863108946
0.7346938775510204,0.6326530612244898,0.09190000000000001,0.024197293237054426
0.7346938775510204,0.6428571428571429,0.020299999999999995,0.013405260161593283
0.7346938775510204,0.653061224489796,0.0,0.0
0.7346938775510204,0.6632653061224489,0.0,0.0
0.7346938775510204,0.6734693877551021,0.0,0.0
0.7346938775510204,0.6836734693877551,0.0,0.0
0.7346938775510204,0.6938775510204082,0.0,0.0
0.7346938775510204,0.7040816326530612,0.0,0.0
0.7346938775510204,0.7142857142857143,0.0,0.0
0.7346938775510204,0.7244897959183674,0.0,0.0
0.7346938775510204,0.7346938775510204,0.0,0.0
0.7448979591836735,0.5,1.0,0.0
0.7448979591836735,0.5102040816326531,1.0,0.0
0.7448979591836735,0.5204081632653061,1.0,0.0
0.7448979591836735,0.5306122448979592,1.0,0.0
0.7448979591836735,0.5408163265306123,1.0,0.0
0.7448979591836735,0.5510204081632654,0.9888999999999999,0.0105303846083607
0.7448979591836735,0.5612244897959184,0.8379999999999999,0.04438806145800918
0.7448979591836735,0.5714285714285714,0.6092,0.01869481211459479
0.7448979591836735,0.5816326530612245,0.45949999999999996,0.028514996054707777
0.7448979591836735,0.5918367346938775,0.39590000000000003,0.014220021097030765
0.7448979591836735,0.6020408163265306,0.32510000000000006,0.012559020662456127
0.7448979591836735,0.6122448979591837,0.282,0.014143549766589715
0.7448979591836735,0.6224489795918368,0.21180000000000004,0.01975034176919478
0.7448979591836735,0.6326530612244898,0.16390000000000002,0.011538154098468265
0.7448979591836735,0.6428571428571429,0.1149,0.02067387239972231
0.7448979591836735,0.653061224489796,0.05569999999999999,0.022267038420050386
0.7448979591836735,0.6632653061224489,0.015,0.014230249470757706
0.7448979591836735,0.6734693877551021,0.0,0.0
0.7448979591836735,0.6836734693877551,0.0,0.0
0.7448979591836735,0.6938775510204082,0.0,0.0
0.7448979591836735,0.7040816326530612,0.0,0.0
0.7448979591836735,0.7142857142857143,0.0,0.0
0.7448979591836735,0.7244897959183674,0.0,0.0
0.7448979591836735,0.7346938775510204,0.0,0.0
0.7448979591836735,0.7448979591836735,0.0,0.0
0.7551020408163265,0.5,1.0,0.0
0.7551020408163265,0.5102040816326531,1.0,0.0
0.7551020408163265,0.5204081632653061,1.0,0.0
0.7551020408163265,0.5306122448979592,1.0,0.0
0.7551020408163265,0.5408163265306123,1.0,0.0
0.7551020408163265,0.5510204081632653,1.0,0.0
0.7551020408163265,0.5612244897959183,0.9323,0.030958375280366383
0.7551020408163265,0.5714285714285714,0.6096000000000001,0.027037085641762496
0.7551020408163265,0.5816326530612245,0.5315999999999999,0.027135290674691503
0.7551020408163265,0.5918367346938775,0.42990000000000006,0.02191777817206845
0.7551020408163265,0.6020408163265306,0.3588,0.01457655652066015
0.7551020408163265,0.6122448979591837,0.28519999999999995,0.016029847160843422
0.7551020408163265,0.6224489795918366,0.2318,0.013245225554893355
0.7551020408163265,0.6326530612244898,0.2164,0.015194209423329665
0.7551020408163265,0.6428571428571428,0.18159999999999998,0.009986190464836928
0.7551020408163265,0.6530612244897959,0.1147,0.010991860625026136
0.7551020408163265,0.6632653061224489,0.06040000000000001,0.017528376992750925
0.7551020408163265,0.673469387755102,0.0528,0.020837850177021618
0.7551020408163265,0.6836734693877551,0.0091,0.008633018012259675
0.7551020408163265,0.6938775510204082,0.0,0.0
0.7551020408163265,0.7040816326530612,0.0,0.0
0.7551020408163265,0.7142857142857142,0.0,0.0
0.7551020408163265,0.7244897959183673,0.0,0.0
0.7551020408163265,0.7346938775510203,0.0,0.0
0.7551020408163265,0.7448979591836734,0.0,0.0
0.7551020408163265,0.7551020408163265,0.0,0.0
0.7653061224489797,0.5,1.0,0.0
0.7653061224489797,0.5102040816326531,1.0,0.0
0.7653061224489797,0.5204081632653061,1.0,0.0
0.7653061224489797,0.5306122448979592,1.0,0.0
0.7653061224489797,0.5408163265306123,1.0,0.0
0.7653061224489797,0.5510204081632654,1.0,0.0
0.7653061224489797,0.5612244897959184,0.9231000000000001,0.023298690950351697
0.7653061224489797,0.5714285714285714,0.6566,0.030181517523146514
0.7653061224489797,0.5816326530612245,0.5589999999999999,0.015225636275702892
0.7653061224489797,0.5918367346938775,0.4732,0.015345878925626905
0.7653061224489797,0.6020408163265306,0.3926,0.014842641274382397
0.7653061224489797,0.6122448979591837,0.3311,0.01976281862488244
0.7653061224489797,0.6224489795918368,0.27809999999999996,0.01930515475203449
0.7653061224489797,0.6326530612244898,0.26130000000000003,0.016454816923928386
0.7653061224489797,0.6428571428571429,0.22030000000000002,0.01735571951836051
0.7653061224489797,0.653061224489796,0.19990000000000002,0.011783420556018524
0.7653061224489797,0.663265306122449,0.14509999999999998,0.01862925119268083
0.7653061224489797,0.6734693877551021,0.0995,0.017772028584266904
0.7653061224489797,0.6836734693877551,0.0749,0.022123946302592578
0.7653061224489797,0.6938775510204083,0.013600000000000001,0.012182118042442373
0.7653061224489797,0.7040816326530612,0.0016,0.001517893276880822
0.7653061224489797,0.7142857142857144,0.0,0.0
0.7653061224489797,0.7244897959183674,0.0,0.0
0.7653061224489797,0.7346938775510204,0.0,0.0
0.7653061224489797,0.7448979591836735,0.0,0.0
0.7653061224489797,0.7551020408163266,0.0,0.0
0.7653061224489797,0.7653061224489797,0.0,0.0
0.7755102040816326,0.5,1.0,0.0
0.7755102040816326,0.5102040816326531,1.0,0.0
0.7755102040816326,0.5204081632653061,1.0,0.0
0.7755102040816326,0.5306122448979592,1.0,0.0
0.7755102040816326,0.5408163265306123,1.0,0.0
0.7755102040816326,0.5510204081632653,1.0,0.0
0.7755102040816326,0.5612244897959183,0.9453000000000001,0.03321567401092441
0.7755102040816326,0.5714285714285714,0.6819999999999998,0.01865314986805177
0.7755102040816326,0.5816326530612245,0.5515000000000001,0.014048665417042288
0.7755102040816326,0.5918367346938775,0.5330999999999999,0.02289386380670593
0.7755102040816326,0.6020408163265306,0.45459999999999995,0.015653881307841833
0.7755102040816326,0.6122448979591837,0.37270000000000003,0.016607859585148228
0.7755102040816326,0.6224489795918368,0.29799999999999993,0.015752460125326453
0.7755102040816326,0.6326530612244898,0.2541,0.012282060087786574
0.7755102040816326,0.6428571428571428,0.22379999999999994,0.009582066582945454
0.7755102040816326,0.653061224489796,0.1943,0.01277266612732048
0.7755102040816326,0.6632653061224489,0.15629999999999997,0.011256153872437955
0.7755102040816326,0.673469387755102,0.1369,0.012192169618242684
0.7755102040816326,0.6836734693877551,0.10729999999999999,0.009985038808136901
0.7755102040816326,0.6938775510204082,0.08819999999999999,0.012222765644484884
0.7755102040816326,0.7040816326530612,0.047700000000000006,0.014440948722296603
0.7755102040816326,0.7142857142857143,0.010199999999999999,0.009676569640115238
0.7755102040816326,0.7244897959183674,0.0024000000000000002,0.002276839915321234
0.7755102040816326,0.7346938775510203,0.0,0.0
0.7755102040816326,0.7448979591836734,0.0,0.0
0.7755102040816326,0.7551020408163265,0.0,0.0
0.7755102040816326,0.7653061224489796,0.0,0.0
0.7755102040816326,0.7755102040816326,0.0,0.0
0.7857142857142857,0.5,1.0,0.0
0.7857142857142857,0.5102040816326531,1.0,0.0
0.7857142857142857,0.5204081632653061,1.0,0.0
0.7857142857142857,0.5306122448979592,1.0,0.0
0.7857142857142857,0.5408163265306123,1.0,0.0
0.7857142857142857,0.5510204081632653,1.0,0.0
0.7857142857142857,0.5612244897959183,1.0,0.0
0.7857142857142857,0.5714285714285714,0.733,0.029949290475735815
0.7857142857142857,0.5816326530612245,0.6302000000000001,0.016791545491705043
0.7857142857142857,0.5918367346938775,0.5135,0.02205731171289919
0.7857142857142857,0.6020408163265306,0.43199999999999994,0.010358571330062847
0.7857142857142857,0.6122448979591837,0.34450000000000003,0.012573981072039194
0.7857142857142857,0.6224489795918368,0.3354,0.025011677272825987
0.7857142857142857,0.6326530612244898,0.30619999999999997,0.014586157821715767
0.7857142857142857,0.6428571428571428,0.266,0.010458489374665923
0.7857142857142857,0.6530612244897959,0.22860000000000005,0.015085887444893656
0.7857142857142857,0.6632653061224489,0.18770000000000003,0.017641456855940214
0.7857142857142857,0.673469387755102,0.16299999999999998,0.013018448448259877
0.7857142857142857,0.6836734693877551,0.16190000000000002,0.005773127402023967
0.7857142857142857,0.6938775510204082,0.1449,0.012061882108526843
0.7857142857142857,0.7040816326530612,0.11069999999999999,0.015600032051249125
0.7857142857142857,0.7142857142857143,0.0738,0.017990441906745924
0.7857142857142857,0.7244897959183674,0.0613,0.01834232809650945
0.7857142857142857,0.7346938775510203,0.0127,0.007990056320202003
0.7857142857142857,0.7448979591836734,0.0034000000000000002,0.0032255232133717475
0.7857142857142857,0.7551020408163265,0.0,0.0
0.7857142857142857,0.7653061224489797,0.0,0.0
0.7857142857142857,0.7755102040816326,0.0,0.0
0.7857142857142857,0.7857142857142857,0.0,0.0
0.7959183673469388,0.5,1.0,0.0
0.7959183673469388,0.5102040816326531,1.0,0.0
0.7959183673469388,0.5204081632653061,1.0,0.0
0.7959183673469388,0.5306122448979592,1.0,0.0
0.7959183673469388,0.5408163265306123,1.0,0.0
0.7959183673469388,0.5510204081632653,1.0,0.0
0.7959183673469388,0.5612244897959183,0.9923,0.0073048613949889514
0.7959183673469388,0.5714285714285714,0.7167,0.016008778841623116
0.7959183673469388,0.5816326530612245,0.6543,0.030735663324548575
0.7959183673469388,0.5918367346938775,0.5298999999999999,0.01264393135065198
0.7959183673469388,0.6020408163265306,0.4731000000000001,0.01145203038766489
0.7959183673469388,0.6122448979591837,0.43030000000000007,0.01458907125213939
0.7959183673469388,0.6224489795918368,0.3608,0.016519564158899592
0.7959183673469388,0.6326530612244898,0.32020000000000004,0.012732478156274213
0.7959183673469388,0.6428571428571428,0.2986,0.015265778722358058
0.7959183673469388,0.653061224489796,0.23860000000000006,0.014838598316552681
0.7959183673469388,0.6632653061224489,0.2468,0.012723049948813374
0.7959183673469388,0.673469387755102,0.19669999999999999,0.010981848660403219
0.7959183673469388,0.6836734693877551,0.1881,0.008243118341986847
0.7959183673469388,0.6938775510204082,0.16870000000000002,0.013245414300806146
0.7959183673469388,0.7040816326530612,0.12109999999999999,0.00775686792462009
0.7959183673469388,0.7142857142857143,0.10300000000000001,0.01051094667477673
0.7959183673469388,0.7244897959183674,0.09889999999999999,0.016027133243347043
0.7959183673469388,0.7346938775510204,0.0605,0.013715137622349985
0.7959183673469388,0.7448979591836735,0.043800000000000006,0.013003691783489792
0.7959183673469388,0.7551020408163265,0.010599999999999998,0.006952984970500078
0.7959183673469388,0.7653061224489797,0.0031,0.002940918223956592
0.7959183673469388,0.7755102040816326,0.0012000000000000001,0.001138419957660617
0.7959183673469388,0.7857142857142857,0.0,0.0
0.7959183673469388,0.7959183673469388,0.0,0.0
0.8061224489795918,0.5,1.0,0.0
0.8061224489795918,0.5102040816326531,1.0,0.0
0.8061224489795918,0.5204081632653061,1.0,0.0
0.8061224489795918,0.5306122448979592,1.0,0.0
0.8061224489795918,0.5408163265306123,1.0,0.0
0.8061224489795918,0.5510204081632653,1.0,0.0
0.8061224489795918,0.5612244897959183,1.0,0.0
0.8061224489795918,0.5714285714285714,0.8307,0.02789410331951898
0.8061224489795918,0.5816326530612245,0.6427999999999999,0.011770981267506968
0.8061224489795918,0.5918367346938775,0.5355000000000001,0.009254458385016378
0.8061224489795918,0.6020408163265306,0.5026999999999999,0.02200274982814648
0.8061224489795918,0.6122448979591837,0.4309,0.0176926255824284
0.8061224489795918,0.6224489795918368,0.382,0.012461942063739502
0.8061224489795918,0.6326530612244898,0.30300000000000005,0.007413501197140255
0.8061224489795918,0.6428571428571428,0.32060000000000005,0.011343897037614546
0.8061224489795918,0.653061224489796,0.2655,0.012747744898608537
0.8061224489795918,0.6632653061224489,0.2352,0.009510835925406348
0.8061224489795918,0.673469387755102,0.2101,0.0092146079677868
0.8061224489795918,0.6836734693877551,0.20670000000000002,0.013692370138146278
0.8061224489795918,0.6938775510204082,0.1651,0.010421564182021814
0.8061224489795918,0.7040816326530612,0.1629,0.008868427143524382
0.8061224489795918,0.7142857142857143,0.13809999999999997,0.010796712462597122
0.8061224489795918,0.7244897959183674,0.1366,0.0070017140758531415
0.8061224489795918,0.7346938775510204,0.11909999999999998,0.007410060728496089
0.8061224489795918,0.7448979591836735,0.08839999999999999,0.012895890818396377
0.8061224489795918,0.7551020408163265,0.07010000000000001,0.012140387143744633
0.8061224489795918,0.7653061224489797,0.0453,0.013240128398168953
0.8061224489795918,0.7755102040816326,0.0229,0.009069123441656309
0.8061224489795918,0.7857142857142857,0.0218,0.009909389486744379
0.8061224489795918,0.7959183673469388,0.0,0.0
0.8061224489795918,0.8061224489795918,0.0,0.0
0.8163265306122449,0.5,1.0,0.0
0.8163265306122449,0.5102040816326531,1.0,0.0
0.8163265306122449,0.5204081632653061,1.0,0.0
0.8163265306122449,0.5306122448979592,1.0,0.0
0.8163265306122449,0.5408163265306123,1.0,0.0
0.8163265306122449,0.5510204081632653,1.0,0.0
0.8163265306122449,0.5612244897959183,1.0,0.0
0.8163265306122449,0.5714285714285714,0.8017,0.02095235070344137
0.8163265306122449,0.5816326530612245,0.6313000000000001,0.022116984423740958
0.8163265306122449,0.5918367346938775,0.5507000000000001,0.022424116482037813
0.8163265306122449,0.6020408163265306,0.5035000000000001,0.016083065628169274
0.8163265306122449,0.6122448979591837,0.4473,0.0201335789168245
0.8163265306122449,0.6224489795918368,0.3888,0.011229247525992112
0.8163265306122449,0.6326530612244898,0.38449999999999995,0.013164535692533938
0.8163265306122449,0.6428571428571428,0.3486000000000001,0.01576844951160386
0.8163265306122449,0.653061224489796,0.27270000000000005,0.005695700132556134
0.8163265306122449,0.6632653061224489,0.27259999999999995,0.012546075083467337
0.8163265306122449,0.673469387755102,0.2495,0.00995514942127942
0.8163265306122449,0.6836734693877551,0.2258,0.006805585940975253
0.8163265306122449,0.6938775510204082,0.19260000000000002,0.009479662441247578
0.8163265306122449,0.7040816326530612,0.1767,0.009231522084683542
0.8163265306122449,0.7142857142857143,0.1618,0.007100422522639057
0.8163265306122449,0.7244897959183674,0.14150000000000001,0.008390768737130109
0.8163265306122449,0.7346938775510204,0.13000000000000003,0.007509993342207435
0.8163265306122449,0.7448979591836735,0.11789999999999998,0.005957264472893577
0.8163265306122449,0.7551020408163265,0.10939999999999998,0.011067248980663622
0.8163265306122449,0.7653061224489797,0.0943,0.011847404779106688
0.8163265306122449,0.7755102040816326,0.08020000000000001,0.010857071428336465
0.8163265306122449,0.7857142857142857,0.034600000000000006,0.011723651308359525
0.8163265306122449,0.7959183673469388,0.0622,0.011430485553991133
0.8163265306122449,0.8061224489795918,0.023,0.00848528137423857
0.8163265306122449,0.8163265306122449,0.0047,0.0034584678688691028
0.8265306122448979,0.5,1.0,0.0
0.8265306122448979,0.5102040816326531,1.0,0.0
0.8265306122448979,0.5204081632653061,1.0,0.0
0.8265306122448979,0.5306122448979592,1.0,0.0
0.8265306122448979,0.5408163265306123,1.0,0.0
0.8265306122448979,0.5510204081632653,1.0,0.0
0.8265306122448979,0.5612244897959183,1.0,0.0
0.8265306122448979,0.5714285714285714,0.8852,0.03505504243329339
0.8265306122448979,0.5816326530612245,0.6713999999999999,0.021818890897568558
0.8265306122448979,0.5918367346938775,0.5823,0.008864592489223626
0.8265306122448979,0.6020408163265306,0.5259,0.023498276532545954
0.8265306122448979,0.6122448979591837,0.46580000000000005,0.012741114550933135
0.8265306122448979,0.6224489795918366,0.438,0.0141315250415516
0.8265306122448979,0.6326530612244898,0.3971,0.017824954417894036
0.8265306122448979,0.6428571428571428,0.35300000000000004,0.009032164746061713
0.8265306122448979,0.6530612244897959,0.3333,0.01840383112289395
0.8265306122448979,0.6632653061224489,0.3005,0.008978028736866461
0.8265306122448979,0.673469387755102,0.267,0.007180529228406497
0.8265306122448979,0.6836734693877551,0.25039999999999996,0.008336905900872335
0.8265306122448979,0.693877551020408,0.23650000000000002,0.00994007042228575
0.8265306122448979,0.7040816326530612,0.1983,0.006232254808654729
0.8265306122448979,0.7142857142857142,0.1629,0.005915150040362459
0.8265306122448979,0.7244897959183673,0.16949999999999998,0.010308491645240829
0.8265306122448979,0.7346938775510203,0.16019999999999998,0.006655524021442638
0.8265306122448979,0.7448979591836734,0.1374,0.007668376620902236
0.8265306122448979,0.7551020408163265,0.12080000000000002,0.005597856732714762
0.8265306122448979,0.7653061224489796,0.1127,0.005626810819638421
0.8265306122448979,0.7755102040816326,0.09759999999999998,0.008400238091863826
0.8265306122448979,0.7857142857142856,0.09309999999999999,0.006522959451046741
0.8265306122448979,0.7959183673469388,0.07339999999999999,0.010274434290996268
0.8265306122448979,0.8061224489795917,0.0583,0.010849930875355842
0.8265306122448979,0.8163265306122448,0.0644,0.012159934210348344
0.8265306122448979,0.8265306122448979,0.048,0.011057124400132252
0.8367346938775511,0.5,1.0,0.0
0.8367346938775511,0.5102040816326531,1.0,0.0
0.8367346938775511,0.5204081632653061,1.0,0.0
0.8367346938775511,0.5306122448979592,1.0,0.0
0.8367346938775511,0.5408163265306123,1.0,0.0
0.8367346938775511,0.5510204081632654,1.0,0.0
0.8367346938775511,0.5612244897959184,1.0,0.0
0.8367346938775511,0.5714285714285714,0.8705,0.035028916626124756
0.8367346938775511,0.5816326530612245,0.7160999999999998,0.025977855954639518
0.8367346938775511,0.5918367346938775,0.5991000000000001,0.011573633828664182
0.8367346938775511,0.6020408163265306,0.5711,0.016912983178611632
0.8367346938775511,0.6122448979591837,0.49529999999999996,0.016232713882773885
0.8367346938775511,0.6224489795918368,0.44849999999999995,0.00961795196494555
0.8367346938775511,0.6326530612244898,0.4103,0.011488298394453379
0.8367346938775511,0.6428571428571429,0.3945,0.01337030291354687
0.8367346938775511,0.653061224489796,0.3449999999999999,0.0063055531081737766
0.8367346938775511,0.6632653061224489,0.3088,0.00800099993750781
0.8367346938775511,0.6734693877551021,0.2702,0.011607583727891
0.8367346938775511,0.6836734693877551,0.26230000000000003,0.012151584258852832
0.8367346938775511,0.6938775510204083,0.2394,0.007924897475677527
0.8367346938775511,0.7040816326530612,0.2205,0.0069314500647411435
0.8367346938775511,0.7142857142857143,0.2003,0.004386456428599284
0.8367346938775511,0.7244897959183674,0.19080000000000003,0.010701214884301686
0.8367346938775511,0.7346938775510204,0.1653,0.007910815381488811
0.8367346938775511,0.7448979591836735,0.1587,0.009431913909700405
0.8367346938775511,0.7551020408163265,0.144,0.0063686733312362616
0.8367346938775511,0.7653061224489797,0.13310000000000002,0.007590059288305987
0.8367346938775511,0.7755102040816326,0.11710000000000001,0.008407675065081902
0.8367346938775511,0.7857142857142858,0.11000000000000001,0.007158212067269312
0.8367346938775511,0.7959183673469388,0.11259999999999999,0.010325889792168032
0.8367346938775511,0.8061224489795918,0.10330000000000002,0.007617151698633813
0.8367346938775511,0.8163265306122449,0.06849999999999999,0.009794130895592524
0.8367346938775511,0.826530612244898,0.06720000000000001,0.006679520940905866
0.8367346938775511,0.8367346938775511,0.0615,0.006479583319936552
0.846938775510204,0.5,1.0,0.0
0.846938775510204,0.5102040816326531,1.0,0.0
0.846938775510204,0.5204081632653061,1.0,0.0
0.846938775510204,0.5306122448979592,1.0,0.0
0.846938775510204,0.5408163265306123,1.0,0.0
0.846938775510204,0.5510204081632653,1.0,0.0
0.846938775510204,0.5612244897959183,1.0,0.0
0.846938775510204,0.5714285714285714,0.8845000000000001,0.03734494611055155
0.846938775510204,0.5816326530612245,0.7313999999999998,0.02452435524126985
0.846938775510204,0.5918367346938775,0.6651,0.00994630584689612
0.846938775510204,0.6020408163265306,0.5934999999999999,0.01772244339813221
0.846938775510204,0.6122448979591837,0.5170999999999999,0.012578115916145789
0.846938775510204,0.6224489795918368,0.4720999999999999,0.008648063367020387
0.846938775510204,0.6326530612244898,0.4327,0.01604746085834142
0.846938775510204,0.6428571428571428,0.40230000000000005,0.013016950487729452
0.846938775510204,0.6530612244897959,0.35320000000000007,0.008610226477857596
0.846938775510204,0.6632653061224489,0.3379,0.005448761327127475
0.846938775510204,0.673469387755102,0.29410000000000003,0.01085951195956798
0.846938775510204,0.6836734693877551,0.28809999999999997,0.011502564931353354
0.846938775510204,0.6938775510204082,0.23880000000000004,0.008748485583230962
0.846938775510204,0.7040816326530612,0.2419,0.0066429662049418865
0.846938775510204,0.7142857142857142,0.22870000000000004,0.007547251155222013
0.846938775510204,0.7244897959183674,0.20860000000000004,0.012904417848163473
0.846938775510204,0.7346938775510203,0.1933,0.007666876808714224
0.846938775510204,0.7448979591836734,0.17729999999999999,0.005425956136940288
0.846938775510204,0.7551020408163265,0.1716,0.006745665274826493
0.846938775510204,0.7653061224489796,0.16739999999999997,0.004958225489023265
0.846938775510204,0.7755102040816326,0.137,0.006900724599634447
0.846938775510204,0.7857142857142856,0.1252,0.006893185040313367
0.846938775510204,0.7959183673469388,0.1056,0.006359559733189083
0.846938775510204,0.8061224489795917,0.12260000000000001,0.005817559625822497
0.846938775510204,0.8163265306122449,0.0832,0.007249551710278367
0.846938775510204,0.8265306122448979,0.0834,0.01043474963762907
0.846938775510204,0.836734693877551,0.0814,0.00896348146648388
0.846938775510204,0.846938775510204,0.0759,0.005119472629089835
0.8571428571428572,0.5,1.0,0.0
0.8571428571428572,0.5102040816326531,1.0,0.0
0.8571428571428572,0.5204081632653061,1.0,0.0
0.8571428571428572,0.5306122448979592,1.0,0.0
0.8571428571428572,0.5408163265306123,1.0,0.0
0.8571428571428572,0.5510204081632654,1.0,0.0
0.8571428571428572,0.5612244897959184,1.0,0.0
0.8571428571428572,0.5714285714285714,0.976,0.022768399153212326
0.8571428571428572,0.5816326530612245,0.7494,0.01752210033072519
0.8571428571428572,0.5918367346938775,0.636,0.014515508947329408
0.8571428571428572,0.6020408163265306,0.6093,0.022332509935069987
0.8571428571428572,0.6122448979591837,0.5186,0.015503676983219172
0.8571428571428572,0.6224489795918368,0.45549999999999996,0.01675246250555422
0.8571428571428572,0.6326530612244898,0.4486,0.00874779972335901
0.8571428571428572,0.6428571428571429,0.4245,0.005308954699373504
0.8571428571428572,0.653061224489796,0.3429,0.014191159219739591
0.8571428571428572,0.6632653061224489,0.3518,0.008416412537417588
0.8571428571428572,0.6734693877551021,0.3359,0.006510683527864027
0.8571428571428572,0.6836734693877551,0.3135,0.00893336442780658
0.8571428571428572,0.6938775510204082,0.27549999999999997,0.00842288549132659
0.8571428571428572,0.7040816326530612,0.25,0.00967160793250016
0.8571428571428572,0.7142857142857143,0.23470000000000005,0.010039970119477451
0.8571428571428572,0.7244897959183674,0.22939999999999997,0.005333291666503904
0.8571428571428572,0.7346938775510204,0.21390000000000003,0.00481964728999955
0.8571428571428572,0.7448979591836735,0.18389999999999998,0.007567628426396209
0.8571428571428572,0.7551020408163266,0.17650000000000005,0.007672352963726319
0.8571428571428572,0.7653061224489797,0.1736,0.007172447281088931
0.8571428571428572,0.7755102040816327,0.1461,0.006536742307908428
0.8571428571428572,0.7857142857142858,0.14309999999999998,0.008866171665380722
0.8571428571428572,0.7959183673469388,0.1397,0.006059785474750734
0.8571428571428572,0.806122448979592,0.12510000000000002,0.007579511857633048
0.8571428571428572,0.8163265306122449,0.11069999999999999,0.0034381681168901557
0.8571428571428572,0.826530612244898,0.11009999999999998,0.005972352970145016
0.8571428571428572,0.8367346938775511,0.10219999999999999,0.006798235065073875
0.8571428571428572,0.8469387755102041,0.09409999999999999,0.0066939524946028695
0.8571428571428572,0.8571428571428572,0.08329999999999999,0.004845719760778578
0.8673469387755102,0.5,1.0,0.0
0.8673469387755102,0.5102040816326531,1.0,0.0
0.8673469387755102,0.5204081632653061,1.0,0.0
0.8673469387755102,0.5306122448979592,1.0,0.0
0.8673469387755102,0.5408163265306123,1.0,0.0
0.8673469387755102,0.5510204081632653,1.0,0.0
0.8673469387755102,0.5612244897959183,1.0,0.0
0.8673469387755102,0.5714285714285714,0.9702999999999999,0.019637744269645627
0.8673469387755102,0.5816326530612245,0.7605000000000001,0.031164482989454515
0.8673469387755102,0.5918367346938775,0.6441,0.013682433993993909
0.8673469387755102,0.6020408163265306,0.6014999999999999,0.0067812240782914755
0.8673469387755102,0.6122448979591837,0.5467,0.006706787606596761
0.8673469387755102,0.6224489795918368,0.49350000000000016,0.013885424012251124
0.8673469387755102,0.6326530612244898,0.4615,0.01352201908000429
0.8673469387755102,0.6428571428571428,0.4258,0.01310099232882761
0.8673469387755102,0.653061224489796,0.3882,0.009357136314065326
0.8673469387755102,0.6632653061224489,0.3518,0.010563900794687536
0.8673469387755102,0.673469387755102,0.3321,0.007818503693162776
0.8673469387755102,0.6836734693877551,0.3155,0.015219231255224426
0.8673469387755102,0.6938775510204082,0.3052,0.009507681105295865
0.8673469387755102,0.7040816326530612,0.2801,0.006139136747133098
0.8673469387755102,0.7142857142857143,0.24159999999999998,0.005291880573104424
0.8673469387755102,0.7244897959183674,0.24460000000000007,0.00785264286721356
0.8673469387755102,0.7346938775510203,0.24040000000000003,0.008322499624511856
0.8673469387755102,0.7448979591836734,0.2023,0.005714980314926728
0.8673469387755102,0.7551020408163265,0.20620000000000002,0.005281666403702529
0.8673469387755102,0.7653061224489796,0.1919,0.008047918985675738
0.8673469387755102,0.7755102040816326,0.17409999999999998,0.004544117075956561
0.8673469387755102,0.7857142857142857,0.17889999999999998,0.006489144781864557
0.8673469387755102,0.7959183673469388,0.15139999999999998,0.004591731699478965
0.8673469387755102,0.8061224489795918,0.142,0.0057619441163551735
0.8673469387755102,0.8163265306122449,0.1363,0.005101078317375649
0.8673469387755102,0.8265306122448979,0.1177,0.004874525617944786
0.8673469387755102,0.836734693877551,0.1163,0.007794934252448829
0.8673469387755102,0.846938775510204,0.1083,0.004438580854282143
0.8673469387755102,0.8571428571428571,0.10239999999999998,0.0056642740046717365
0.8673469387755102,0.8673469387755102,0.08019999999999998,0.004951363448586661
0.8775510204081632,0.5,1.0,0.0
0.8775510204081632,0.5102040816326531,1.0,0.0
0.8775510204081632,0.5204081632653061,1.0,0.0
0.8775510204081632,0.5306122448979592,1.0,0.0
0.8775510204081632,0.5408163265306123,1.0,0.0
0.8775510204081632,0.5510204081632653,1.0,0.0
0.8775510204081632,0.5612244897959183,1.0,0.0
0.8775510204081632,0.5714285714285714,0.9966999999999999,0.003130654883566698
0.8775510204081632,0.5816326530612245,0.745,0.01673499327756064
0.8775510204081632,0.5918367346938775,0.6839,0.018049626034907208
0.8775510204081632,0.6020408163265306,0.651,0.010583005244258361
0.8775510204081632,0.6122448979591837,0.5399,0.011680282530829462
0.8775510204081632,0.6224489795918368,0.5116,0.014474943868630368
0.8775510204081632,0.6326530612244898,0.46909999999999996,0.015067481541385742
0.8775510204081632,0.6428571428571428,0.44740000000000013,0.010041115475882148
0.8775510204081632,0.653061224489796,0.41580000000000006,0.013374453259853277
0.8775510204081632,0.6632653061224489,0.38730000000000003,0.008622122708474981
0.8775510204081632,0.673469387755102,0.35500000000000004,0.010908712114635713
0.8775510204081632,0.6836734693877551,0.33999999999999997,0.006648308055437862
0.8775510204081632,0.6938775510204082,0.3263,0.01097638373964759
0.8775510204081632,0.7040816326530612,0.28350000000000003,0.008407437183827185
0.8775510204081632,0.7142857142857143,0.2713,0.008486518720889031
0.8775510204081632,0.7244897959183674,0.25660000000000005,0.007728130433681874
0.8775510204081632,0.7346938775510203,0.2352,0.009092634381739979
0.8775510204081632,0.7448979591836735,0.2274,0.006501076833879138
0.8775510204081632,0.7551020408163265,0.2057,0.007479371631360485
0.8775510204081632,0.7653061224489797,0.21069999999999997,0.007140098038542608
0.8775510204081632,0.7755102040816326,0.19629999999999997,0.007699415562235875
0.8775510204081632,0.7857142857142857,0.18,0.005781003373117853
0.8775510204081632,0.7959183673469388,0.1668,0.00582889354852188
0.8775510204081632,0.8061224489795918,0.17419999999999997,0.005733759674070756
0.8775510204081632,0.8163265306122449,0.1488,0.004458250778051859
0.8775510204081632,0.8265306122448979,0.1359,0.004082768668440572
0.8775510204081632,0.8367346938775511,0.1358,0.005456738952891185
0.8775510204081632,0.846938775510204,0.1268,0.006080789422435216
0.8775510204081632,0.8571428571428571,0.11269999999999998,0.004147408829618802
0.8775510204081632,0.8673469387755102,0.10859999999999999,0.0043109163758996765
0.8775510204081632,0.8775510204081632,0.0944,0.005439117575489612
0.8877551020408163,0.5,1.0,0.0
0.8877551020408163,0.5102040816326531,1.0,0.0
0.8877551020408163,0.5204081632653061,1.0,0.0
0.8877551020408163,0.5306122448979592,1.0,0.0
0.8877551020408163,0.5408163265306123,1.0,0.0
0.8877551020408163,0.5510204081632653,1.0,0.0
0.8877551020408163,0.5612244897959183,1.0,0.0
0.8877551020408163,0.5714285714285714,0.9856999999999999,0.013566171162122347
0.8877551020408163,0.5816326530612245,0.7755000000000001,0.020791945555911785
0.8877551020408163,0.5918367346938775,0.6914999999999999,0.008949022292965857
0.8877551020408163,0.6020408163265306,0.6447,0.016149953560304752
0.8877551020408163,0.6122448979591837,0.5646000000000001,0.01689035227578158
0.8877551020408163,0.6224489795918368,0.5505,0.015107117527840969
0.8877551020408163,0.6326530612244898,0.4803,0.010614188617129434
0.8877551020408163,0.6428571428571428,0.47409999999999997,0.012298333220400234
0.8877551020408163,0.653061224489796,0.4243,0.010892244947668044
0.8877551020408163,0.6632653061224489,0.40459999999999996,0.005688936631744105
0.8877551020408163,0.673469387755102,0.37960000000000005,0.006971656904925829
0.8877551020408163,0.6836734693877551,0.3541,0.009643080420695449
0.8877551020408163,0.6938775510204082,0.3272,0.008261718949468084
0.8877551020408163,0.7040816326530612,0.327,0.008115417426109394
0.8877551020408163,0.7142857142857143,0.3083,0.008378603702288344
0.8877551020408163,0.7244897959183674,0.28200000000000003,0.006039867548216598
0.8877551020408163,0.7346938775510203,0.2684,0.007240441975459785
0.8877551020408163,0.7448979591836734,0.2561,0.004850670056806588
0.8877551020408163,0.7551020408163265,0.23090000000000002,0.008508172541738914
0.8877551020408163,0.7653061224489797,0.22000000000000003,0.0073579888556588625
0.8877551020408163,0.7755102040816326,0.21000000000000005,0.006830812543175226
0.8877551020408163,0.7857142857142857,0.20780000000000004,0.006663032342710036
0.8877551020408163,0.7959183673469388,0.18139999999999998,0.005685419949308935
0.8877551020408163,0.8061224489795918,0.169,0.006889121859859935
0.8877551020408163,0.8163265306122449,0.1641,0.0030014996251873827
0.8877551020408163,0.8265306122448979,0.16199999999999998,0.0036551333764994125
0.8877551020408163,0.8367346938775511,0.1513,0.005892452799980666
0.8877551020408163,0.846938775510204,0.13479999999999998,0.002921643373172023
0.8877551020408163,0.8571428571428571,0.1262,0.003325056390499264
0.8877551020408163,0.8673469387755102,0.1236,0.005568123561847383
0.8877551020408163,0.8775510204081632,0.1132,0.004753525007823142
0.8877551020408163,0.8877551020408163,0.10329999999999999,0.004804268935020187
0.8979591836734694,0.5,1.0,0.0
0.8979591836734694,0.5102040816326531,1.0,0.0
0.8979591836734694,0.5204081632653061,1.0,0.0
0.8979591836734694,0.5306122448979592,1.0,0.0
0.8979591836734694,0.5408163265306123,1.0,0.0
0.8979591836734694,0.5510204081632653,1.0,0.0
0.8979591836734694,0.5612244897959183,1.0,0.0
0.8979591836734694,0.5714285714285714,0.9869,0.012427751204461733
0.8979591836734694,0.5816326530612245,0.8554999999999999,0.029494151962719664
0.8979591836734694,0.5918367346938775,0.7364,0.010742625377439165
0.8979591836734694,0.6020408163265306,0.6635,0.014901845523290061
0.8979591836734694,0.6122448979591837,0.5755,0.013957256177343738
0.8979591836734694,0.6224489795918368,0.5549000000000001,0.011454649710925247
0.8979591836734694,0.6326530612244898,0.5177,0.015417554929365421
0.8979591836734694,0.6428571428571428,0.48050000000000004,0.008145244011077876
0.8979591836734694,0.653061224489796,0.43149999999999994,0.008024026420694292
0.8979591836734694,0.6632653061224489,0.41739999999999994,0.009154452468607832
0.8979591836734694,0.673469387755102,0.39459999999999995,0.007884415006834684
0.8979591836734694,0.6836734693877551,0.37150000000000005,0.006017059082309236
0.8979591836734694,0.6938775510204082,0.3515,0.006681691402631522
0.8979591836734694,0.7040816326530612,0.321,0.00689202437604511
0.8979591836734694,0.7142857142857143,0.3175,0.0062405929205485
0.8979591836734694,0.7244897959183674,0.2984,0.0036883600691906414
0.8979591836734694,0.7346938775510204,0.2768,0.007993497357227309
0.8979591836734694,0.7448979591836735,0.2612,0.008197316634118754
0.8979591836734694,0.7551020408163265,0.24290000000000003,0.0045419158953023345
0.8979591836734694,0.7653061224489796,0.2466,0.004978353141351064
0.8979591836734694,0.7755102040816326,0.22360000000000002,0.0075500993370948444
0.8979591836734694,0.7857142857142857,0.21309999999999998,0.005819707896449786
0.8979591836734694,0.7959183673469388,0.2061,0.005838578594144299
0.8979591836734694,0.8061224489795918,0.1859,0.0054560975064600874
0.8979591836734694,0.8163265306122449,0.17549999999999996,0.0028644371174805
0.8979591836734694,0.8265306122448979,0.17470000000000002,0.0025653459805648035
0.8979591836734694,0.8367346938775511,0.1705,0.004357177985806869
0.8979591836734694,0.846938775510204,0.1522,0.005613911292494741
0.8979591836734694,0.8571428571428572,0.1386,0.003803156583681508
0.8979591836734694,0.8673469387755102,0.13489999999999996,0.003615107190665306
0.8979591836734694,0.8775510204081632,0.1297,0.003059575133903399
0.8979591836734694,0.8877551020408163,0.1253,0.003274293816993215
0.8979591836734694,0.8979591836734694,0.1051,0.0017230786401090349
0.9081632653061225,0.5,1.0,0.0
0.9081632653061225,0.5102040816326531,1.0,0.0
0.9081632653061225,0.5204081632653061,1.0,0.0
0.9081632653061225,0.5306122448979592,1.0,0.0
0.9081632653061225,0.5408163265306123,1.0,0.0
0.9081632653061225,0.5510204081632653,1.0,0.0
0.9081632653061225,0.5612244897959183,1.0,0.0
0.9081632653061225,0.5714285714285714,1.0,0.0
0.9081632653061225,0.5816326530612245,0.818,0.02812827758679866
0.9081632653061225,0.5918367346938775,0.7292,0.01734058822531693
0.9081632653061225,0.6020408163265306,0.6443,0.011869330225417099
0.9081632653061225,0.6122448979591837,0.598,0.015479018056711478
0.9081632653061225,0.6224489795918368,0.5433,0.013425386400398313
0.9081632653061225,0.6326530612244898,0.502,0.011986659251017356
0.9081632653061225,0.6428571428571428,0.47630000000000006,0.006678398011499464
0.9081632653061225,0.653061224489796,0.4521,0.010973103480784277
0.9081632653061225,0.6632653061224489,0.43690000000000007,0.010648427113898089
0.9081632653061225,0.673469387755102,0.40140000000000003,0.010236405619161443
0.9081632653061225,0.6836734693877551,0.3703,0.0075842600166397284
0.9081632653061225,0.6938775510204082,0.3614,0.010794628293739436
0.9081632653061225,0.7040816326530612,0.3418,0.004478392568768394
0.9081632653061225,0.7142857142857143,0.3216,0.004176601489249367
0.9081632653061225,0.7244897959183674,0.31100000000000005,0.007263607918933952
0.9081632653061225,0.7346938775510203,0.2847,0.0036852408333784593
0.9081632653061225,0.7448979591836735,0.2802,0.00699542707774157
0.9081632653061225,0.7551020408163265,0.2584,0.00591134502461157
0.9081632653061225,0.7653061224489797,0.26020000000000004,0.0062877658989501164
0.9081632653061225,0.7755102040816326,0.2447,0.00317820704171393
0.9081632653061225,0.7857142857142857,0.22070000000000004,0.00506764244989719
0.9081632653061225,0.7959183673469388,0.22359999999999997,0.005662508278139644
0.9081632653061225,0.8061224489795918,0.20139999999999997,0.0046307666751845755
0.9081632653061225,0.8163265306122449,0.2068,0.005642339940131221
0.9081632653061225,0.826530612244898,0.18660000000000002,0.004418597062416984
0.9081632653061225,0.8367346938775511,0.1753,0.0054000925917987745
0.9081632653061225,0.846938775510204,0.1726,0.0030990321069650105
0.9081632653061225,0.8571428571428572,0.1526,0.004591731699478968
0.9081632653061225,0.8673469387755102,0.1547,0.00518275988253363
0.9081632653061225,0.8775510204081634,0.1493,0.00475405090422894
0.9081632653061225,0.8877551020408163,0.12589999999999998,0.004670010706625843
0.9081632653061225,0.8979591836734694,0.12250000000000001,0.004280770958600798
0.9081632653061225,0.9081632653061225,0.1217,0.0032895288416428274
0.9183673469387755,0.5,1.0,0.0
0.9183673469387755,0.5102040816326531,1.0,0.0
0.9183673469387755,0.5204081632653061,1.0,0.0
0.9183673469387755,0.5306122448979592,1.0,0.0
0.9183673469387755,0.5408163265306123,1.0,0.0
0.9183673469387755,0.5510204081632653,1.0,0.0
0.9183673469387755,0.5612244897959183,1.0,0.0
0.9183673469387755,0.5714285714285714,1.0,0.0
0.9183673469387755,0.5816326530612245,0.8248,0.03209884733132952
0.9183673469387755,0.5918367346938775,0.7117,0.01752600924340735
0.9183673469387755,0.6020408163265306,0.6367999999999999,0.01479243049671014
0.9183673469387755,0.6122448979591837,0.6072000000000001,0.01432396593126359
0.9183673469387755,0.6224489795918368,0.5762,0.01494710674344704
0.9183673469387755,0.6326530612244898,0.5349,0.01054082539462636
0.9183673469387755,0.6428571428571429,0.5040000000000001,0.013609555466656506
0.9183673469387755,0.653061224489796,0.46909999999999996,0.011388107832295939
0.9183673469387755,0.6632653061224489,0.4441,0.008125823035237723
0.9183673469387755,0.673469387755102,0.42089999999999994,0.005173876689678638
0.9183673469387755,0.6836734693877551,0.4032,0.0076312515356263795
0.9183673469387755,0.6938775510204082,0.37350000000000005,0.006958807369082723
0.9183673469387755,0.7040816326530612,0.35669999999999996,0.006703804889762228
0.9183673469387755,0.7142857142857143,0.3402,0.007665246245229176
0.9183673469387755,0.7244897959183674,0.31800000000000006,0.009808159868191384
0.9183673469387755,0.7346938775510204,0.316,0.008910667763978187
0.9183673469387755,0.7448979591836735,0.30599999999999994,0.006673829485385435
0.9183673469387755,0.7551020408163265,0.28370000000000006,0.008289813025635738
0.9183673469387755,0.7653061224489797,0.2805,0.003894226495724148
0.9183673469387755,0.7755102040816326,0.25680000000000003,0.005419963099505383
0.9183673469387755,0.7857142857142858,0.2493,0.007289787376871842
0.9183673469387755,0.7959183673469388,0.24020000000000002,0.003911010099705702
0.9183673469387755,0.8061224489795918,0.22070000000000004,0.004933659899101275
0.9183673469387755,0.8163265306122449,0.2096,0.004252528659515419
0.9183673469387755,0.826530612244898,0.2051,0.006885419377205718
0.9183673469387755,0.8367346938775511,0.1927,0.005035970611510754
0.9183673469387755,0.846938775510204,0.1825,0.00551225906502951
0.9183673469387755,0.8571428571428572,0.1735,0.005802154772151464
0.9183673469387755,0.8673469387755102,0.1652,0.006685506712284419
0.9183673469387755,0.8775510204081634,0.15409999999999996,0.002503797116381438
0.9183673469387755,0.8877551020408163,0.1437,0.00399261818860757
0.9183673469387755,0.8979591836734694,0.14000000000000004,0.0025612496949731383
0.9183673469387755,0.9081632653061225,0.12890000000000001,0.003750866566541656
0.9183673469387755,0.9183673469387755,0.1199,0.0032355834095260166
0.9285714285714286,0.5,1.0,0.0
0.9285714285714286,0.5102040816326531,1.0,0.0
0.9285714285714286,0.5204081632653061,1.0,0.0
0.9285714285714286,0.5306122448979592,1.0,0.0
0.9285714285714286,0.5408163265306123,1.0,0.0
0.9285714285714286,0.5510204081632653,1.0,0.0
0.9285714285714286,0.5612244897959183,1.0,0.0
0.9285714285714286,0.5714285714285714,1.0,0.0
0.9285714285714286,0.5816326530612245,0.8493,0.03338444248448669
0.9285714285714286,0.5918367346938775,0.7382,0.016103291588988884
0.9285714285714286,0.6020408163265306,0.6656000000000001,0.016472522575489156
0.9285714285714286,0.6122448979591837,0.6329,0.013637778411456905
0.9285714285714286,0.6224489795918368,0.6067,0.013717908003773753
0.9285714285714286,0.6326530612244898,0.5370000000000001,0.016031843312607565
0.9285714285714286,0.6428571428571428,0.5035000000000001,0.009493418773023763
0.9285714285714286,0.653061224489796,0.48539999999999994,0.007552747844327917
0.9285714285714286,0.6632653061224489,0.4584,0.006176082900998011
0.9285714285714286,0.6734693877551021,0.4274,0.006557743514350037
0.9285714285714286,0.6836734693877551,0.4130999999999999,0.007338187787185606
0.9285714285714286,0.6938775510204082,0.3935,0.00801779271370868
0.9285714285714286,0.7040816326530612,0.3771,0.004603151094630724
0.9285714285714286,0.7142857142857143,0.3632,0.009460232555281082
0.9285714285714286,0.7244897959183674,0.34059999999999996,0.006115880966794561
0.9285714285714286,0.7346938775510204,0.31440000000000007,0.008389517268591797
0.9285714285714286,0.7448979591836735,0.3266,0.0062692902309591635
0.9285714285714286,0.7551020408163265,0.29860000000000003,0.007755256282032204
0.9285714285714286,0.7653061224489797,0.29030000000000006,0.0066754026095809365
0.9285714285714286,0.7755102040816326,0.27559999999999996,0.007078417902328173
0.9285714285714286,0.7857142857142857,0.2594,0.004373099587249299
0.9285714285714286,0.7959183673469388,0.2487,0.005194323825099857
0.9285714285714286,0.8061224489795918,0.23769999999999997,0.005861825654179762
0.9285714285714286,0.8163265306122449,0.2263,0.005010089819554139
0.9285714285714286,0.826530612244898,0.21380000000000005,0.0033964687544566054
0.9285714285714286,0.8367346938775511,0.2063,0.003821125488648598
0.9285714285714286,0.8469387755102041,0.19440000000000002,0.0046908421418760185
0.9285714285714286,0.8571428571428572,0.1827,0.002860244744772726
0.9285714285714286,0.8673469387755102,0.17959999999999998,0.005225322956526226
0.9285714285714286,0.8775510204081634,0.17429999999999998,0.005083404371088337
0.9285714285714286,0.8877551020408163,0.16019999999999998,0.0032459205165869367
0.9285714285714286,0.8979591836734695,0.15450000000000003,0.003896793553679743
0.9285714285714286,0.9081632653061225,0.14709999999999998,0.0031127158559688677
0.9285714285714286,0.9183673469387755,0.137,0.0027928480087537873
0.9285714285714286,0.9285714285714286,0.1269,0.0022647295644292733
0.9387755102040816,0.5,1.0,0.0
0.9387755102040816,0.5102040816326531,1.0,0.0
0.9387755102040816,0.5204081632653061,1.0,0.0
0.9387755102040816,0.5306122448979592,1.0,0.0
0.9387755102040816,0.5408163265306123,1.0,0.0
0.9387755102040816,0.5510204081632653,1.0,0.0
0.9387755102040816,0.5612244897959183,1.0,0.0
0.9387755102040816,0.5714285714285714,1.0,0.0
0.9387755102040816,0.5816326530612245,0.8861000000000001,0.0320787936182145
0.9387755102040816,0.5918367346938775,0.8006,0.023814365412498394
0.9387755102040816,0.6020408163265306,0.6883000000000001,0.01369237013814628
0.9387755102040816,0.6122448979591837,0.6562999999999999,0.011981694370997787
0.9387755102040816,0.6224489795918368,0.6148,0.01154365626653878
0.9387755102040816,0.6326530612244898,0.5652999999999999,0.01048432162803106
0.9387755102040816,0.6428571428571428,0.5234,0.0075540717497254405
0.9387755102040816,0.6530612244897959,0.48880000000000007,0.011005271464166617
0.9387755102040816,0.6632653061224489,0.48360000000000003,0.009089774474650073
0.9387755102040816,0.673469387755102,0.4496999999999999,0.006265859877143758
0.9387755102040816,0.6836734693877551,0.4217000000000001,0.004953887362465963
0.9387755102040816,0.6938775510204082,0.39380000000000004,0.008523848895892043
0.9387755102040816,0.7040816326530612,0.40160000000000007,0.006307455905513726
0.9387755102040816,0.7142857142857142,0.37959999999999994,0.0077784317185407015
0.9387755102040816,0.7244897959183674,0.3617,0.006248279763262844
0.9387755102040816,0.7346938775510203,0.3539,0.005894828241772613
0.9387755102040816,0.7448979591836734,0.32849999999999996,0.00640507611195995
0.9387755102040816,0.7551020408163265,0.32209999999999994,0.008080160889487289
0.9387755102040816,0.7653061224489796,0.3109,0.005568572528036248
0.9387755102040816,0.7755102040816326,0.2939,0.007056132084931517
0.9387755102040816,0.7857142857142857,0.2869,0.0028790623473624157
0.9387755102040816,0.7959183673469388,0.2701,0.005710429055683991
0.9387755102040816,0.8061224489795917,0.2642,0.0035406214143847716
0.9387755102040816,0.8163265306122448,0.2411,0.005937086827729571
0.9387755102040816,0.8265306122448979,0.2355,0.002454587541726714
0.9387755102040816,0.8367346938775511,0.2305,0.004905609034564415
0.9387755102040816,0.846938775510204,0.2184,0.004996398703066039
0.9387755102040816,0.8571428571428571,0.2076,0.00557709601853868
0.9387755102040816,0.8673469387755102,0.1905,0.004418710219057141
0.9387755102040816,0.8775510204081631,0.19030000000000002,0.0028811456054840413
0.9387755102040816,0.8877551020408163,0.173,0.004534313619501854
0.9387755102040816,0.8979591836734693,0.1713,0.002881145605484039
0.9387755102040816,0.9081632653061225,0.1657,0.001503662196106559
0.9387755102040816,0.9183673469387754,0.1548,0.0027992856231545955
0.9387755102040816,0.9285714285714285,0.14609999999999998,0.0028193970986719837
0.9387755102040816,0.9387755102040816,0.12840000000000001,0.003527605420111496
0.9489795918367347,0.5,1.0,0.0
0.9489795918367347,0.5102040816326531,1.0,0.0
0.9489795918367347,0.5204081632653061,1.0,0.0
0.9489795918367347,0.5306122448979592,1.0,0.0
0.9489795918367347,0.5408163265306123,1.0,0.0
0.9489795918367347,0.5510204081632653,1.0,0.0
0.9489795918367347,0.5612244897959183,1.0,0.0
0.9489795918367347,0.5714285714285714,1.0,0.0
0.9489795918367347,0.5816326530612245,0.8803000000000001,0.027073621848581687
0.9489795918367347,0.5918367346938775,0.7444000000000001,0.01922560792276801
0.9489795918367347,0.6020408163265306,0.6776000000000001,0.016408656252112783
0.9489795918367347,0.6122448979591837,0.6509,0.009458805421404964
0.9489795918367347,0.6224489795918368,0.6302,0.01132589952277522
0.9489795918367347,0.6326530612244898,0.5898999999999999,0.008311979307000224
0.9489795918367347,0.6428571428571429,0.5349999999999999,0.006926759704219572
0.9489795918367347,0.653061224489796,0.504,0.007481978348003963
0.9489795918367347,0.6632653061224489,0.495,0.00962081077664456
0.9489795918367347,0.6734693877551021,0.473,0.01158274578845621
0.9489795918367347,0.6836734693877551,0.43550000000000005,0.008695113570276124
0.9489795918367347,0.6938775510204082,0.42939999999999995,0.006237307111246008
0.9489795918367347,0.7040816326530612,0.4006,0.005892707357403724
0.9489795918367347,0.7142857142857143,0.3954,0.006384669137864545
0.9489795918367347,0.7244897959183674,0.3762,0.0055566176762487495
0.9489795918367347,0.7346938775510204,0.36819999999999997,0.005840890343089828
0.9489795918367347,0.7448979591836735,0.34440000000000004,0.005036268459881776
0.9489795918367347,0.7551020408163266,0.3363,0.005899237238830117
0.9489795918367347,0.7653061224489797,0.3317,0.005788004837593
0.9489795918367347,0.7755102040816326,0.3099,0.0050048976013501055
0.9489795918367347,0.7857142857142858,0.2992,0.008592787673392145
0.9489795918367347,0.7959183673469388,0.2889,0.00662940419645687
0.9489795918367347,0.8061224489795918,0.27930000000000005,0.005949873948244615
0.9489795918367347,0.8163265306122449,0.26430000000000003,0.0044453346330731985
0.9489795918367347,0.826530612244898,0.2551,0.005123377792043057
0.9489795918367347,0.8367346938775511,0.24749999999999997,0.0040404207701673885
0.9489795918367347,0.8469387755102041,0.23840000000000003,0.006689095604040951
0.9489795918367347,0.8571428571428572,0.2233,0.0027131162894354537
0.9489795918367347,0.8673469387755103,0.21760000000000002,0.003299090783837269
0.9489795918367347,0.8775510204081634,0.2085,0.0030830180018935993
0.9489795918367347,0.8877551020408163,0.19369999999999998,0.002213820227570432
0.9489795918367347,0.8979591836734695,0.1868,0.0033160217128360312
0.9489795918367347,0.9081632653061225,0.18109999999999998,0.0026549952918978968
0.9489795918367347,0.9183673469387755,0.16549999999999998,0.003380088756231113
0.9489795918367347,0.9285714285714286,0.1558,0.002171635328502465
0.9489795918367347,0.9387755102040817,0.14279999999999998,0.0023655866080107887
0.9489795918367347,0.9489795918367347,0.1409,0.0037508665665416567
0.9591836734693877,0.5,1.0,0.0
0.9591836734693877,0.5102040816326531,1.0,0.0
0.9591836734693877,0.5204081632653061,1.0,0.0
0.9591836734693877,0.5306122448979592,1.0,0.0
0.9591836734693877,0.5408163265306123,1.0,0.0
0.9591836734693877,0.5510204081632653,1.0,0.0
0.9591836734693877,0.5612244897959183,1.0,0.0
0.9591836734693877,0.5714285714285714,1.0,0.0
0.9591836734693877,0.5816326530612245,0.9197999999999998,0.031957096238550836
0.9591836734693877,0.5918367346938775,0.7789,0.016187309844442964
0.9591836734693877,0.6020408163265306,0.7088000000000001,0.017011643071731777
0.9591836734693877,0.6122448979591837,0.6695,0.012495799294162816
0.9591836734693877,0.6224489795918368,0.6259,0.01209169136225368
0.9591836734693877,0.6326530612244898,0.6106,0.011080794195363439
0.9591836734693877,0.6428571428571428,0.5363999999999999,0.009181720971582609
0.9591836734693877,0.6530612244897959,0.5330999999999999,0.009032662951754592
0.9591836734693877,0.6632653061224489,0.5138,0.008390232416327931
0.9591836734693877,0.673469387755102,0.48919999999999997,0.006263864621781031
0.9591836734693877,0.6836734693877551,0.4566,0.008548918060199197
0.9591836734693877,0.6938775510204082,0.43790000000000007,0.006117924484659812
0.9591836734693877,0.7040816326530612,0.4225,0.00712495614021588
0.9591836734693877,0.7142857142857143,0.40449999999999997,0.00712635951941803
0.9591836734693877,0.7244897959183674,0.3926,0.0038992306933547777
0.9591836734693877,0.7346938775510203,0.37589999999999996,0.0059539062807538404
0.9591836734693877,0.7448979591836734,0.3638,0.006664532991890733
0.9591836734693877,0.7551020408163265,0.35669999999999996,0.0036770912417289844
0.9591836734693877,0.7653061224489796,0.3464,0.004823276894394512
0.9591836734693877,0.7755102040816326,0.32689999999999997,0.006495305997410745
0.9591836734693877,0.7857142857142857,0.3128,0.005309990583795795
0.9591836734693877,0.7959183673469388,0.30469999999999997,0.002163561878015049
0.9591836734693877,0.8061224489795917,0.2912,0.003529305880764656
0.9591836734693877,0.8163265306122449,0.2833,0.004329087663700051
0.9591836734693877,0.8265306122448979,0.26820000000000005,0.0036271200696971696
0.9591836734693877,0.836734693877551,0.26599999999999996,0.0057288742349609996
0.9591836734693877,0.846938775510204,0.25410000000000005,0.004932443613463817
0.9591836734693877,0.8571428571428571,0.24020000000000002,0.004681452765969128
0.9591836734693877,0.8673469387755102,0.23559999999999998,0.0035077058029429997
0.9591836734693877,0.8775510204081631,0.22610000000000002,0.0040310048375064005
0.9591836734693877,0.8877551020408163,0.211,0.002983286778035258
0.9591836734693877,0.8979591836734694,0.2043,0.004658433213001986
0.9591836734693877,0.9081632653061225,0.19850000000000004,0.002573907535246749
0.9591836734693877,0.9183673469387754,0.1876,0.0034502173844556524
0.9591836734693877,0.9285714285714286,0.1795,0.004005621050473947
0.9591836734693877,0.9387755102040816,0.16230000000000003,0.0026572542219366214
0.9591836734693877,0.9489795918367346,0.1573,0.0026534882701832324
0.9591836734693877,0.9591836734693877,0.14629999999999999,0.003826355968803739
0.9693877551020409,0.5,1.0,0.0
0.9693877551020409,0.5102040816326531,1.0,0.0
0.9693877551020409,0.5204081632653061,1.0,0.0
0.9693877551020409,0.5306122448979592,1.0,0.0
0.9693877551020409,0.5408163265306123,1.0,0.0
0.9693877551020409,0.5510204081632654,1.0,0.0
0.9693877551020409,0.5612244897959183,1.0,0.0
0.9693877551020409,0.5714285714285714,1.0,0.0
0.9693877551020409,0.5816326530612245,0.9635000000000001,0.02032498462484043
0.9693877551020409,0.5918367346938775,0.7910000000000001,0.0196153001506477
0.9693877551020409,0.6020408163265306,0.7171000000000001,0.020954927821397996
0.9693877551020409,0.6122448979591837,0.7089000000000001,0.010855827927892003
0.9693877551020409,0.6224489795918368,0.6296999999999999,0.0124603772013531
0.9693877551020409,0.6326530612244898,0.6059,0.010507568700703318
0.9693877551020409,0.6428571428571429,0.5673999999999999,0.01068475549556469
0.9693877551020409,0.653061224489796,0.5367999999999999,0.008436586987639015
0.9693877551020409,0.6632653061224489,0.5075000000000001,0.008972457857242917
0.9693877551020409,0.6734693877551021,0.4993,0.009897524943136034
0.9693877551020409,0.6836734693877551,0.472,0.00902551937563706
0.9693877551020409,0.6938775510204082,0.4623000000000001,0.008427395801788353
0.9693877551020409,0.7040816326530612,0.43290000000000006,0.0059269722455904976
0.9693877551020409,0.7142857142857143,0.4295999999999999,0.007536842840341039
0.9693877551020409,0.7244897959183674,0.4016,0.004779539726793781
0.9693877551020409,0.7346938775510204,0.39089999999999997,0.004138719608767909
0.9693877551020409,0.7448979591836735,0.3874,0.004613458572481172
0.9693877551020409,0.7551020408163265,0.36719999999999997,0.00585457086386355
0.9693877551020409,0.7653061224489797,0.35860000000000003,0.005103332244720109
0.9693877551020409,0.7755102040816327,0.3497,0.005448027165864721
0.9693877551020409,0.7857142857142858,0.32980000000000004,0.0056723892673193705
0.9693877551020409,0.7959183673469388,0.33320000000000005,0.0036791303320214126
0.9693877551020409,0.806122448979592,0.3075,0.0036884956283016013
0.9693877551020409,0.8163265306122449,0.3084,0.004047715405015528
0.9693877551020409,0.826530612244898,0.2881,0.0045857387627295096
0.9693877551020409,0.8367346938775511,0.2942000000000001,0.004449269602979793
0.9693877551020409,0.8469387755102041,0.2635,0.004804685213414087
0.9693877551020409,0.8571428571428572,0.27049999999999996,0.002192031021678296
0.9693877551020409,0.8673469387755103,0.2551,0.004624824320987771
0.9693877551020409,0.8775510204081634,0.24909999999999996,0.0037615156519679688
0.9693877551020409,0.8877551020408163,0.242,0.003765634076752547
0.9693877551020409,0.8979591836734695,0.22630000000000003,0.002172786229705996
0.9693877551020409,0.9081632653061225,0.2169,0.0024018742681497715
0.9693877551020409,0.9183673469387756,0.2049,0.0037106603185955993
0.9693877551020409,0.9285714285714286,0.1913,0.0028984478604936136
0.9693877551020409,0.9387755102040818,0.18619999999999998,0.0031553129797216627
0.9693877551020409,0.9489795918367347,0.16960000000000003,0.002990652102802998
0.9693877551020409,0.9591836734693878,0.166,0.00277848879788996
0.9693877551020409,0.9693877551020409,0.1451,0.002312790522291198
0.9795918367346939,0.5,1.0,0.0
0.9795918367346939,0.5102040816326531,1.0,0.0
0.9795918367346939,0.5204081632653061,1.0,0.0
0.9795918367346939,0.5306122448979592,1.0,0.0
0.9795918367346939,0.5408163265306123,1.0,0.0
0.9795918367346939,0.5510204081632653,1.0,0.0
0.9795918367346939,0.5612244897959183,1.0,0.0
0.9795918367346939,0.5714285714285714,1.0,0.0
0.9795918367346939,0.5816326530612245,0.9747,0.01641587646152346
0.9795918367346939,0.5918367346938775,0.8027,0.018760090618118022
0.9795918367346939,0.6020408163265306,0.7304,0.014317262308136984
0.9795918367346939,0.6122448979591837,0.6883999999999999,0.009947059867116508
0.9795918367346939,0.6224489795918368,0.6340999999999999,0.008326403785548723
0.9795918367346939,0.6326530612244898,0.5971,0.009188525452976664
0.9795918367346939,0.6428571428571428,0.5905,0.010217876491717836
0.9795918367346939,0.653061224489796,0.5561,0.014339072494411902
0.9795918367346939,0.6632653061224489,0.5232,0.010491711013938573
0.9795918367346939,0.673469387755102,0.5181,0.01012862280865469
0.9795918367346939,0.6836734693877551,0.4894,0.0064330397169611855
0.9795918367346939,0.6938775510204082,0.45779999999999993,0.006246278892268579
0.9795918367346939,0.7040816326530612,0.4518999999999999,0.006224869476543263
0.9795918367346939,0.7142857142857143,0.43289999999999995,0.005911767925079604
0.9795918367346939,0.7244897959183674,0.41859999999999997,0.006404998048399388
0.9795918367346939,0.7346938775510203,0.41129999999999994,0.004481182879553117
0.9795918367346939,0.7448979591836734,0.3981,0.004996899038403716
0.9795918367346939,0.7551020408163265,0.3891,0.004269543301103764
0.9795918367346939,0.7653061224489797,0.38409999999999994,0.00580594522881503
0.9795918367346939,0.7755102040816326,0.3642,0.004303022193761032
0.9795918367346939,0.7857142857142857,0.35040000000000004,0.0036774991502378316
0.9795918367346939,0.7959183673469388,0.34540000000000004,0.004354767502404689
0.9795918367346939,0.8061224489795918,0.3297,0.004591405013718566
0.9795918367346939,0.8163265306122449,0.32510000000000006,0.0032602147168553203
0.9795918367346939,0.8265306122448979,0.3163,0.0029901504978846827
0.9795918367346939,0.8367346938775511,0.3079,0.003241758781896028
0.9795918367346939,0.846938775510204,0.29619999999999996,0.003727733896082179
0.9795918367346939,0.8571428571428571,0.2968,0.0029250641018617003
0.9795918367346939,0.8673469387755102,0.28280000000000005,0.002962431433805679
0.9795918367346939,0.8775510204081632,0.27030000000000004,0.005116737241641395
0.9795918367346939,0.8877551020408163,0.2641,0.0032571459899734334
0.9795918367346939,0.8979591836734693,0.2546,0.003997999499749845
0.9795918367346939,0.9081632653061225,0.24560000000000004,0.0035642671055912747
0.9795918367346939,0.9183673469387755,0.23339999999999997,0.003172380809423735
0.9795918367346939,0.9285714285714286,0.2233,0.0020300246303924475
0.9795918367346939,0.9387755102040816,0.21320000000000006,0.0029522872488970306
0.9795918367346939,0.9489795918367347,0.2,0.002760434748368451
0.9795918367346939,0.9591836734693877,0.1848,0.0024851559307214523
0.9795918367346939,0.9693877551020408,0.17149999999999999,0.0024545875417267137
0.9795918367346939,0.9795918367346939,0.1515,0.0018452642087245933
0.9897959183673469,0.5,1.0,0.0
0.9897959183673469,0.5102040816326531,1.0,0.0
0.9897959183673469,0.5204081632653061,1.0,0.0
0.9897959183673469,0.5306122448979592,1.0,0.0
0.9897959183673469,0.5408163265306123,1.0,0.0
0.9897959183673469,0.5510204081632653,1.0,0.0
0.9897959183673469,0.5612244897959183,1.0,0.0
0.9897959183673469,0.5714285714285714,1.0,0.0
0.9897959183673469,0.5816326530612245,0.9949,0.004838284820057625
0.9897959183673469,0.5918367346938775,0.8229,0.032200139751249524
0.9897959183673469,0.6020408163265306,0.7359,0.019930102859744604
0.9897959183673469,0.6122448979591837,0.6881,0.017698276752271674
0.9897959183673469,0.6224489795918368,0.6413,0.009761198696881452
0.9897959183673469,0.6326530612244898,0.6191,0.0095691692429385
0.9897959183673469,0.6428571428571428,0.5892000000000001,0.007614197265634767
0.9897959183673469,0.653061224489796,0.5666,0.008526664060463499
0.9897959183673469,0.6632653061224489,0.5464,0.012330612312452284
0.9897959183673469,0.673469387755102,0.5050000000000001,0.005571355310873652
0.9897959183673469,0.6836734693877551,0.49590000000000006,0.010662504396247632
0.9897959183673469,0.6938775510204082,0.47650000000000003,0.006395701681598352
0.9897959183673469,0.7040816326530612,0.4654,0.00508566613139321
0.9897959183673469,0.7142857142857143,0.4587,0.006908038795490366
0.9897959183673469,0.7244897959183674,0.4316,0.007436665919617477
0.9897959183673469,0.7346938775510204,0.4304,0.004773258844856419
0.9897959183673469,0.7448979591836735,0.4175,0.0033860005906674027
0.9897959183673469,0.7551020408163265,0.4037,0.004010112217881186
0.9897959183673469,0.7653061224489796,0.39769999999999994,0.006195240108341239
0.9897959183673469,0.7755102040816326,0.39069999999999994,0.005931357348870492
0.9897959183673469,0.7857142857142857,0.37949999999999995,0.004338778629983327
0.9897959183673469,0.7959183673469388,0.36760000000000004,0.003715373467095875
0.9897959183673469,0.8061224489795918,0.35860000000000003,0.0037368435878425556
0.9897959183673469,0.8163265306122449,0.3523,0.0031178518245740905
0.9897959183673469,0.8265306122448979,0.33840000000000003,0.002919589012172771
0.9897959183673469,0.8367346938775511,0.3351,0.0028193970986719794
0.9897959183673469,0.846938775510204,0.32309999999999994,0.004013601873629221
0.9897959183673469,0.8571428571428571,0.3241,0.002620877715575454
0.9897959183673469,0.8673469387755102,0.30429999999999996,0.002626975447163527
0.9897959183673469,0.8775510204081634,0.30389999999999995,0.0025276471272707365
0.9897959183673469,0.8877551020408163,0.29209999999999997,0.002681231060539166
0.9897959183673469,0.8979591836734694,0.2815,0.0024829418035870227
0.9897959183673469,0.9081632653061225,0.275,0.0026720778431774737
0.9897959183673469,0.9183673469387754,0.26780000000000004,0.001880425483766907
0.9897959183673469,0.9285714285714286,0.2562,0.00192769292160344
0.9897959183673469,0.9387755102040816,0.248,0.0028774989139876326
0.9897959183673469,0.9489795918367347,0.2358,0.0020386269889315196
0.9897959183673469,0.9591836734693877,0.22560000000000002,0.0025226969695149684
0.9897959183673469,0.9693877551020409,0.2004,0.0030796103649650213
0.9897959183673469,0.9795918367346939,0.1866,0.0017332051234634652
0.9897959183673469,0.9897959183673469,0.1627,0.0017947144619688108
1.0,0.5,1.0,0.0
1.0,0.5102040816326531,1.0,0.0
1.0,0.5204081632653061,1.0,0.0
1.0,0.5306122448979592,1.0,0.0
1.0,0.5408163265306123,1.0,0.0
1.0,0.5510204081632653,1.0,0.0
1.0,0.5612244897959183,1.0,0.0
1.0,0.5714285714285714,1.0,0.0
1.0,0.5816326530612245,0.9869,0.012427751204461731
1.0,0.5918367346938775,0.8496,0.025591873710222934
1.0,0.6020408163265306,0.7750999999999999,0.012913132849932273
1.0,0.6122448979591837,0.6829,0.010328068551282949
1.0,0.6224489795918368,0.6902999999999999,0.014504516537961542
1.0,0.6326530612244898,0.6361000000000001,0.014860316281963855
1.0,0.6428571428571428,0.5951,0.006661005930037901
1.0,0.653061224489796,0.5694999999999999,0.006203627970792568
1.0,0.6632653061224489,0.5446,0.00457864608809198
1.0,0.673469387755102,0.5199,0.004706272410305213
1.0,0.6836734693877551,0.505,0.004247352116319064
1.0,0.6938775510204082,0.48869999999999997,0.005433323108374839
1.0,0.7040816326530612,0.47919999999999996,0.005258897222802513
1.0,0.7142857142857143,0.4686,0.005385536185005164
1.0,0.7244897959183674,0.462,0.00648382603097893
1.0,0.7346938775510204,0.44930000000000003,0.006280207002957785
1.0,0.7448979591836735,0.43500000000000005,0.0025099800796022287
1.0,0.7551020408163265,0.4269,0.0035956918666648833
1.0,0.7653061224489797,0.41370000000000007,0.0035610391741737386
1.0,0.7755102040816326,0.4011,0.0038038138755727745
1.0,0.7857142857142857,0.4,0.0021954498400100116
1.0,0.7959183673469388,0.3884,0.0026988886601710736
1.0,0.8061224489795918,0.38550000000000006,0.0035277471564725297
1.0,0.8163265306122449,0.3839,0.0030771740282278504
1.0,0.8265306122448979,0.3741,0.0020221275924134975
1.0,0.8367346938775511,0.364,0.002262741699796954
1.0,0.846938775510204,0.3629,0.0016214191315017856
1.0,0.8571428571428572,0.3516,0.0016864163187066221
1.0,0.8673469387755102,0.35150000000000003,0.0019091883092036777
1.0,0.8775510204081632,0.34349999999999997,0.0018124568960391795
1.0,0.8877551020408163,0.3388,0.0015987495113369032
1.0,0.8979591836734694,0.3324,0.0016504544828622222
1.0,0.9081632653061225,0.33070000000000005,0.0019341664871463384
1.0,0.9183673469387755,0.3286,0.0011679041056525154
1.0,0.9285714285714286,0.3237,0.0013118688958886108
1.0,0.9387755102040816,0.3165,0.001266885945931994
1.0,0.9489795918367347,0.3142,0.0016480291259562145
1.0,0.9591836734693877,0.30799999999999994,0.0014628738838327808
1.0,0.9693877551020409,0.30469999999999997,0.0006332456079595031
1.0,0.9795918367346939,0.29910000000000003,0.000699285349481884
1.0,0.9897959183673469,0.2961,0.000754320886625845
1.0,1.0,0.2724000000000001,0.0003224903099319423
