#Time elapsed: 29458.797209262848
#alpha: 0.27, px1: 0.25, px2: 0.25, T max: 2000, n realizations: 10, n nodes: 1000, p: 0.001, ns: 50
#s1_s2_x_errx
0.5,nan,0.4114999999999999,0.0011768602295939793
0.5102040816326531,0.5,0.502,0.021335416564951335
0.5102040816326531,0.5102040816326531,0.49479999999999996,0.02253832291897513
0.5204081632653061,0.5,0.5096,0.013272678704767931
0.5204081632653061,0.5102040816326531,0.4686,0.02267033303681267
0.5204081632653061,0.5204081632653061,0.43920000000000003,0.01619184980167492
0.5306122448979592,0.5,0.5491,0.012556631713958958
0.5306122448979592,0.5102040816326531,0.5203,0.012504439211735965
0.5306122448979592,0.5204081632653061,0.4911,0.014621525228237987
0.5306122448979592,0.5306122448979592,0.4229,0.014675455699909289
0.5408163265306123,0.5,0.5633999999999999,0.013105113505803751
0.5408163265306123,0.5102040816326531,0.5213000000000001,0.019046810756659493
0.5408163265306123,0.5204081632653061,0.4777,0.012871713172689954
0.5408163265306123,0.5306122448979592,0.39210000000000006,0.010671878934845542
0.5408163265306123,0.5408163265306123,0.3998,0.012225219834424244
0.5510204081632653,0.5,0.5577,0.012232783820537331
0.5510204081632653,0.5102040816326531,0.5424,0.014569282755166772
0.5510204081632653,0.5204081632653061,0.4958,0.014683187664809031
0.5510204081632653,0.5306122448979591,0.47450000000000003,0.014688941418631914
0.5510204081632653,0.5408163265306122,0.3937,0.010074770468849402
0.5510204081632653,0.5510204081632653,0.3927999999999999,0.013309996243425465
0.5612244897959183,0.5,0.5902999999999998,0.006709768997513999
0.5612244897959183,0.5102040816326531,0.5684,0.0080376613514131
0.5612244897959183,0.5204081632653061,0.4925999999999999,0.02169340913733938
0.5612244897959183,0.5306122448979591,0.49540000000000006,0.011098828767036634
0.5612244897959183,0.5408163265306122,0.4145,0.014335445580797272
0.5612244897959183,0.5510204081632653,0.40420000000000006,0.007409183490776834
0.5612244897959183,0.5612244897959183,0.38859999999999995,0.010723059264967251
0.5714285714285714,0.5,0.5980999999999999,0.006647480725808845
0.5714285714285714,0.5102040816326531,0.6026,0.010357798993994817
0.5714285714285714,0.5204081632653061,0.5403,0.01480206066735304
0.5714285714285714,0.5306122448979592,0.4689000000000001,0.015127094896244945
0.5714285714285714,0.5408163265306122,0.41480000000000006,0.01076085498461902
0.5714285714285714,0.5510204081632653,0.404,0.009353074360871936
0.5714285714285714,0.5612244897959183,0.3872,0.007499066608585365
0.5714285714285714,0.5714285714285714,0.38120000000000004,0.007275713023477494
0.5816326530612245,0.5,0.5976000000000001,0.012386444203240893
0.5816326530612245,0.5102040816326531,0.5982000000000001,0.011801525325143353
0.5816326530612245,0.5204081632653061,0.5432,0.012571237011527537
0.5816326530612245,0.5306122448979592,0.4973000000000001,0.01809919887729841
0.5816326530612245,0.5408163265306123,0.4418000000000001,0.01291959751695075
0.5816326530612245,0.5510204081632653,0.4086,0.003992993864257742
0.5816326530612245,0.5612244897959183,0.4015999999999999,0.011955919036192907
0.5816326530612245,0.5714285714285714,0.3629,0.0034625135378796713
0.5816326530612245,0.5816326530612245,0.3568,0.0046234186485759644
0.5918367346938775,0.5,0.6122,0.010693736484503441
0.5918367346938775,0.5102040816326531,0.5875999999999999,0.012399354821925208
0.5918367346938775,0.5204081632653061,0.5670000000000001,0.019185932346383373
0.5918367346938775,0.5306122448979592,0.5113000000000001,0.01564739594948629
0.5918367346938775,0.5408163265306123,0.49090000000000006,0.016493907966276523
0.5918367346938775,0.5510204081632653,0.425,0.01512150786132124
0.5918367346938775,0.5612244897959183,0.39879999999999993,0.011088552655779746
0.5918367346938775,0.5714285714285714,0.3842,0.008456713309554725
0.5918367346938775,0.5816326530612245,0.3658,0.004776609676329017
0.5918367346938775,0.5918367346938775,0.352,0.0058753723286273495
0.6020408163265306,0.5,0.6036,0.012259037482608494
0.6020408163265306,0.5102040816326531,0.5988,0.013791156586740648
0.6020408163265306,0.5204081632653061,0.5698000000000001,0.013378191208081902
0.6020408163265306,0.5306122448979592,0.5428999999999999,0.015945814497854913
0.6020408163265306,0.5408163265306123,0.47020000000000006,0.012990611994821492
0.6020408163265306,0.5510204081632653,0.44420000000000004,0.013977696519813268
0.6020408163265306,0.5612244897959183,0.4338,0.01343413562533891
0.6020408163265306,0.5714285714285714,0.3844,0.00605012396567211
0.6020408163265306,0.5816326530612245,0.3813,0.009970005015043873
0.6020408163265306,0.5918367346938775,0.37110000000000004,0.006809478687829197
0.6020408163265306,0.6020408163265306,0.3633,0.008026269370012445
0.6122448979591837,0.5,0.6353,0.011786475300105622
0.6122448979591837,0.5102040816326531,0.5964,0.014505309372777959
0.6122448979591837,0.5204081632653061,0.5862,0.006380909026149795
0.6122448979591837,0.5306122448979592,0.5455,0.007143178564196749
0.6122448979591837,0.5408163265306123,0.5257,0.011820363784588015
0.6122448979591837,0.5510204081632653,0.48150000000000004,0.012621608455343557
0.6122448979591837,0.5612244897959183,0.4423,0.016367070599224525
0.6122448979591837,0.5714285714285714,0.42250000000000004,0.013228945536209605
0.6122448979591837,0.5816326530612245,0.376,0.008407139822793482
0.6122448979591837,0.5918367346938775,0.3665,0.006193948659780773
0.6122448979591837,0.6020408163265306,0.3554,0.008022717744006704
0.6122448979591837,0.6122448979591837,0.35130000000000006,0.006310388260638167
0.6224489795918368,0.5,0.6198999999999999,0.010839234290299302
0.6224489795918368,0.5102040816326531,0.6114999999999999,0.01115907702276493
0.6224489795918368,0.5204081632653061,0.5904,0.013789271191763541
0.6224489795918368,0.5306122448979592,0.5660999999999999,0.008620266817216268
0.6224489795918368,0.5408163265306123,0.5072,0.013498740682004386
0.6224489795918368,0.5510204081632654,0.4833,0.013340202397265187
0.6224489795918368,0.5612244897959184,0.44630000000000003,0.006849890510073865
0.6224489795918368,0.5714285714285714,0.4192,0.012000666648149173
0.6224489795918368,0.5816326530612245,0.3986,0.008297228452923302
0.6224489795918368,0.5918367346938775,0.3673,0.006949892085493126
0.6224489795918368,0.6020408163265306,0.36340000000000006,0.00761734862009085
0.6224489795918368,0.6122448979591837,0.3501,0.006403826980798277
0.6224489795918368,0.6224489795918368,0.35050000000000003,0.006148577071160447
0.6326530612244898,0.5,0.6254,0.013150817465085585
0.6326530612244898,0.5102040816326531,0.5939000000000001,0.01473122533939387
0.6326530612244898,0.5204081632653061,0.5851,0.006606738983795251
0.6326530612244898,0.5306122448979592,0.5756,0.009499684205277557
0.6326530612244898,0.5408163265306123,0.5173,0.009743767238599247
0.6326530612244898,0.5510204081632654,0.48529999999999995,0.01644752260980358
0.6326530612244898,0.5612244897959184,0.45840000000000003,0.013057718024218474
0.6326530612244898,0.5714285714285714,0.41980000000000006,0.007413231414167508
0.6326530612244898,0.5816326530612245,0.3956,0.0070515246578310995
0.6326530612244898,0.5918367346938775,0.397,0.009612491872558334
0.6326530612244898,0.6020408163265306,0.3832,0.010408458099065394
0.6326530612244898,0.6122448979591837,0.3597999999999999,0.007542943722446828
0.6326530612244898,0.6224489795918368,0.34409999999999996,0.006306266724457503
0.6326530612244898,0.6326530612244898,0.3492,0.004634220538558775
0.6428571428571428,0.5,0.633,0.007808969202141862
0.6428571428571428,0.5102040816326531,0.6168,0.006684010771984144
0.6428571428571428,0.5204081632653061,0.5993,0.01273895600118
0.6428571428571428,0.5306122448979592,0.5789,0.014495826985722474
0.6428571428571428,0.5408163265306122,0.5324,0.012178834098549828
0.6428571428571428,0.5510204081632653,0.5130000000000001,0.014550601362143077
0.6428571428571428,0.5612244897959183,0.47309999999999997,0.00891566037935497
0.6428571428571428,0.5714285714285714,0.43570000000000003,0.00863139617906628
0.6428571428571428,0.5816326530612245,0.4064000000000001,0.01098380626194763
0.6428571428571428,0.5918367346938775,0.3956,0.005101372364374117
0.6428571428571428,0.6020408163265306,0.3824,0.005802068596629999
0.6428571428571428,0.6122448979591836,0.37109999999999993,0.006012403845384973
0.6428571428571428,0.6224489795918366,0.36479999999999996,0.008235047055117534
0.6428571428571428,0.6326530612244897,0.3316,0.00811319912241774
0.6428571428571428,0.6428571428571428,0.34140000000000004,0.006851569163337693
0.653061224489796,0.5,0.6525000000000001,0.007152971410539818
0.653061224489796,0.5102040816326531,0.6299,0.005269629968033813
0.653061224489796,0.5204081632653061,0.6166,0.007456808968989355
0.653061224489796,0.5306122448979592,0.5778,0.01497985313679677
0.653061224489796,0.5408163265306123,0.5588,0.009576847080328679
0.653061224489796,0.5510204081632654,0.5495,0.008443044474595639
0.653061224489796,0.5612244897959184,0.49269999999999997,0.011314636538572509
0.653061224489796,0.5714285714285714,0.4652,0.010856150330572986
0.653061224489796,0.5816326530612246,0.42489999999999994,0.010722359814891492
0.653061224489796,0.5918367346938775,0.40329999999999994,0.009522657192191683
0.653061224489796,0.6020408163265306,0.3932999999999999,0.007997562128548925
0.653061224489796,0.6122448979591837,0.38810000000000006,0.010227854124888563
0.653061224489796,0.6224489795918368,0.36199999999999993,0.007460562981437796
0.653061224489796,0.6326530612244898,0.3629,0.0059907428587780325
0.653061224489796,0.6428571428571429,0.3358,0.007075026501717149
0.653061224489796,0.653061224489796,0.3338,0.007075026501717149
0.6632653061224489,0.5,0.6283999999999998,0.007004569936834102
0.6632653061224489,0.5102040816326531,0.639,0.009111531155629115
0.6632653061224489,0.5204081632653061,0.6134999999999999,0.007266704892865823
0.6632653061224489,0.5306122448979592,0.5968,0.018886926695468476
0.6632653061224489,0.5408163265306123,0.5659,0.005706925617177772
0.6632653061224489,0.5510204081632653,0.5206999999999999,0.01607485614243561
0.6632653061224489,0.5612244897959183,0.5081,0.014780696871257458
0.6632653061224489,0.5714285714285714,0.4907,0.009619823283200166
0.6632653061224489,0.5816326530612245,0.4439,0.013067096081379365
0.6632653061224489,0.5918367346938775,0.4126,0.011042825725329542
0.6632653061224489,0.6020408163265306,0.3879,0.0066864788940069215
0.6632653061224489,0.6122448979591837,0.38,0.005165268628057987
0.6632653061224489,0.6224489795918366,0.36160000000000003,0.008095924900837458
0.6632653061224489,0.6326530612244898,0.3514,0.0058723078938352664
0.6632653061224489,0.6428571428571428,0.3449,0.004450730277156769
0.6632653061224489,0.6530612244897959,0.36110000000000003,0.00815039876325079
0.6632653061224489,0.6632653061224489,0.3304,0.004501555286787
0.673469387755102,0.5,0.6547000000000001,0.0034410754132974215
0.673469387755102,0.5102040816326531,0.6329,0.01551931055169656
0.673469387755102,0.5204081632653061,0.6281999999999999,0.008902583894578023
0.673469387755102,0.5306122448979592,0.5981,0.007043365672744813
0.673469387755102,0.5408163265306123,0.5775,0.011898109093465226
0.673469387755102,0.5510204081632653,0.5544,0.009347940949749303
0.673469387755102,0.5612244897959183,0.49820000000000003,0.016332666653060667
0.673469387755102,0.5714285714285714,0.48199999999999993,0.01587009766825649
0.673469387755102,0.5816326530612245,0.4508000000000001,0.008761050165362596
0.673469387755102,0.5918367346938775,0.4342,0.008421163815055492
0.673469387755102,0.6020408163265306,0.4046,0.006243716841753793
0.673469387755102,0.6122448979591837,0.40230000000000005,0.010620781515500638
0.673469387755102,0.6224489795918368,0.3761,0.006784467554642735
0.673469387755102,0.6326530612244898,0.3644,0.008610691029179943
0.673469387755102,0.6428571428571428,0.35700000000000004,0.00710211236182588
0.673469387755102,0.6530612244897959,0.34559999999999996,0.005975282420103668
0.673469387755102,0.6632653061224489,0.3401,0.004488763749630846
0.673469387755102,0.673469387755102,0.32310000000000005,0.0029981661061388863
0.6836734693877551,0.5,0.6654000000000001,0.008659330228141202
0.6836734693877551,0.5102040816326531,0.6530999999999999,0.008624905796586996
0.6836734693877551,0.5204081632653061,0.6112,0.008646155214891768
0.6836734693877551,0.5306122448979592,0.5875,0.010895182421602676
0.6836734693877551,0.5408163265306123,0.5848,0.010239921874701971
0.6836734693877551,0.5510204081632653,0.5591,0.008322800009612144
0.6836734693877551,0.5612244897959183,0.5322,0.015323054525779117
0.6836734693877551,0.5714285714285714,0.4859,0.009954345784630954
0.6836734693877551,0.5816326530612245,0.4704,0.003441511295927992
0.6836734693877551,0.5918367346938775,0.4486,0.007365052613525582
0.6836734693877551,0.6020408163265306,0.4267,0.010664942568996794
0.6836734693877551,0.6122448979591837,0.40650000000000003,0.00966979834329548
0.6836734693877551,0.6224489795918368,0.3754,0.009566817652699351
0.6836734693877551,0.6326530612244898,0.37109999999999993,0.007453120151990036
0.6836734693877551,0.6428571428571428,0.358,0.008528774824088158
0.6836734693877551,0.653061224489796,0.3601000000000001,0.008605172862877306
0.6836734693877551,0.6632653061224489,0.35019999999999996,0.005255092767972795
0.6836734693877551,0.673469387755102,0.33740000000000003,0.006708502068271276
0.6836734693877551,0.6836734693877551,0.3273,0.003218850726579286
0.6938775510204082,0.5,0.653,0.007718808198161165
0.6938775510204082,0.5102040816326531,0.6485000000000001,0.00926093947718049
0.6938775510204082,0.5204081632653061,0.6378,0.010255535090866795
0.6938775510204082,0.5306122448979592,0.629,0.009312357381458261
0.6938775510204082,0.5408163265306123,0.5833,0.01326201342179987
0.6938775510204082,0.5510204081632653,0.5536000000000001,0.009756228779605358
0.6938775510204082,0.5612244897959183,0.5296000000000001,0.009026848841096212
0.6938775510204082,0.5714285714285714,0.5033,0.00905764870151189
0.6938775510204082,0.5816326530612245,0.47800000000000004,0.010690182411914216
0.6938775510204082,0.5918367346938775,0.44930000000000003,0.010746208633746137
0.6938775510204082,0.6020408163265306,0.42700000000000005,0.008687922651589389
0.6938775510204082,0.6122448979591837,0.4173,0.008126561388434839
0.6938775510204082,0.6224489795918368,0.3974000000000001,0.00775396672677927
0.6938775510204082,0.6326530612244898,0.38649999999999995,0.005477681991499688
0.6938775510204082,0.6428571428571428,0.37329999999999997,0.004587046980356756
0.6938775510204082,0.653061224489796,0.35469999999999996,0.007762795888080528
0.6938775510204082,0.6632653061224489,0.34090000000000004,0.005639946808259805
0.6938775510204082,0.673469387755102,0.3379,0.006653495322009325
0.6938775510204082,0.6836734693877551,0.32909999999999995,0.0036508903023783116
0.6938775510204082,0.6938775510204082,0.32639999999999997,0.00535761140808103
0.7040816326530612,0.5,0.6653000000000001,0.0069094862327093425
0.7040816326530612,0.5102040816326531,0.6507,0.0061287029622914555
0.7040816326530612,0.5204081632653061,0.6266999999999999,0.01049194929457821
0.7040816326530612,0.5306122448979592,0.5937999999999999,0.008342421710750425
0.7040816326530612,0.5408163265306123,0.5931,0.006032329566593654
0.7040816326530612,0.5510204081632653,0.5711,0.010330972848672088
0.7040816326530612,0.5612244897959183,0.5426000000000001,0.007739767438366604
0.7040816326530612,0.5714285714285714,0.5144,0.01388754837975371
0.7040816326530612,0.5816326530612245,0.49000000000000005,0.004411349000022559
0.7040816326530612,0.5918367346938775,0.47920000000000007,0.013022135001603995
0.7040816326530612,0.6020408163265306,0.44400000000000006,0.006732013071882734
0.7040816326530612,0.6122448979591837,0.4323,0.009740687860721131
0.7040816326530612,0.6224489795918368,0.39390000000000003,0.01001743480138503
0.7040816326530612,0.6326530612244898,0.3909,0.004537510330566751
0.7040816326530612,0.6428571428571428,0.37520000000000003,0.007704284522264217
0.7040816326530612,0.653061224489796,0.3624,0.006644095122738685
0.7040816326530612,0.6632653061224489,0.36340000000000006,0.007755256282032203
0.7040816326530612,0.673469387755102,0.34889999999999993,0.004667868892760375
0.7040816326530612,0.6836734693877551,0.33619999999999994,0.004923007211044889
0.7040816326530612,0.6938775510204082,0.3308999999999999,0.0051409143155668295
0.7040816326530612,0.7040816326530612,0.32320000000000004,0.005500545427500803
0.7142857142857143,0.5,0.6489,0.008246756938336427
0.7142857142857143,0.5102040816326531,0.6504,0.006066630036519456
0.7142857142857143,0.5204081632653061,0.6293,0.006023371149115756
0.7142857142857143,0.5306122448979592,0.6451,0.007229730285425598
0.7142857142857143,0.5408163265306123,0.6041000000000001,0.009702010101004842
0.7142857142857143,0.5510204081632653,0.5698000000000001,0.00852032863215967
0.7142857142857143,0.5612244897959183,0.5596,0.007526220831200734
0.7142857142857143,0.5714285714285714,0.5159,0.010607968702819595
0.7142857142857143,0.5816326530612245,0.4941,0.007330006821279231
0.7142857142857143,0.5918367346938775,0.4699,0.011780874330880542
0.7142857142857143,0.6020408163265306,0.46579999999999994,0.0046449973089335555
0.7142857142857143,0.6122448979591837,0.4413,0.00737570335629084
0.7142857142857143,0.6224489795918368,0.4136,0.008714585474937978
0.7142857142857143,0.6326530612244898,0.41339999999999993,0.007656631112963457
0.7142857142857143,0.6428571428571428,0.3835,0.007918648874650274
0.7142857142857143,0.653061224489796,0.3695,0.00761741425944526
0.7142857142857143,0.6632653061224489,0.362,0.007188880302244568
0.7142857142857143,0.6734693877551021,0.36049999999999993,0.004746050990033714
0.7142857142857143,0.6836734693877551,0.34830000000000005,0.006087774634462083
0.7142857142857143,0.6938775510204082,0.3316,0.0017731328207441217
0.7142857142857143,0.7040816326530612,0.32730000000000004,0.004039925741891799
0.7142857142857143,0.7142857142857143,0.3161,0.007064630209713739
0.7244897959183674,0.5,0.6921999999999999,0.006185143490655647
0.7244897959183674,0.5102040816326531,0.6505000000000001,0.0087535707000058
0.7244897959183674,0.5204081632653061,0.6512,0.0077624738324840745
0.7244897959183674,0.5306122448979592,0.6244999999999999,0.008087335778858208
0.7244897959183674,0.5408163265306123,0.6085999999999999,0.012979368243485508
0.7244897959183674,0.5510204081632653,0.5913999999999999,0.006709992548431035
0.7244897959183674,0.5612244897959183,0.5488999999999999,0.008179792173399019
0.7244897959183674,0.5714285714285714,0.5317999999999999,0.009695153428388845
0.7244897959183674,0.5816326530612245,0.5157,0.009660279499062131
0.7244897959183674,0.5918367346938775,0.4756,0.006381535865291364
0.7244897959183674,0.6020408163265306,0.4439,0.005229627137760401
0.7244897959183674,0.6122448979591837,0.4316,0.006606360571449308
0.7244897959183674,0.6224489795918368,0.42569999999999997,0.005829322430608896
0.7244897959183674,0.6326530612244898,0.4125,0.008692813123494604
0.7244897959183674,0.6428571428571429,0.40779999999999994,0.007611570140253585
0.7244897959183674,0.653061224489796,0.38020000000000004,0.005186135362676147
0.7244897959183674,0.6632653061224489,0.37870000000000004,0.006386000313185088
0.7244897959183674,0.6734693877551021,0.3570999999999999,0.006486061979352339
0.7244897959183674,0.6836734693877551,0.35540000000000005,0.005867196945731409
0.7244897959183674,0.6938775510204082,0.3456,0.006370557275466564
0.7244897959183674,0.7040816326530612,0.33670000000000005,0.0053255046709208675
0.7244897959183674,0.7142857142857143,0.3257,0.006606133513637156
0.7244897959183674,0.7244897959183674,0.3244,0.004942064345999553
0.7346938775510204,0.5,0.676,0.006087692502089766
0.7346938775510204,0.5102040816326531,0.654,0.006801470429252786
0.7346938775510204,0.5204081632653061,0.6464,0.008777471162014718
0.7346938775510204,0.5306122448979592,0.6128,0.008156960218120481
0.7346938775510204,0.5408163265306123,0.6064,0.009221930383601907
0.7346938775510204,0.5510204081632654,0.5774,0.013391937873213116
0.7346938775510204,0.5612244897959183,0.5344,0.01083346666584616
0.7346938775510204,0.5714285714285714,0.5516,0.008062505813951385
0.7346938775510204,0.5816326530612245,0.4920999999999999,0.010578705024718292
0.7346938775510204,0.5918367346938775,0.4936,0.005437278731130124
0.7346938775510204,0.6020408163265306,0.45389999999999997,0.007683033255166867
0.7346938775510204,0.6122448979591837,0.44560000000000005,0.008040149252346002
0.7346938775510204,0.6224489795918368,0.42960000000000004,0.004391355143916282
0.7346938775510204,0.6326530612244898,0.41500000000000004,0.007025667228100119
0.7346938775510204,0.6428571428571429,0.4058999999999999,0.006878153822065918
0.7346938775510204,0.653061224489796,0.392,0.004953786430600332
0.7346938775510204,0.6632653061224489,0.3816,0.008368034416755226
0.7346938775510204,0.6734693877551021,0.37,0.004567274898667698
0.7346938775510204,0.6836734693877551,0.3598,0.005124060889567959
0.7346938775510204,0.6938775510204082,0.3457,0.006028349691250497
0.7346938775510204,0.7040816326530612,0.3375,0.005140525264989949
0.7346938775510204,0.7142857142857143,0.32330000000000003,0.005112827006656886
0.7346938775510204,0.7244897959183674,0.3293,0.0041474088296188
0.7346938775510204,0.7346938775510204,0.32589999999999997,0.003978567581429279
0.7448979591836735,0.5,0.6771,0.0077697490306959
0.7448979591836735,0.5102040816326531,0.6692,0.0053269128019895265
0.7448979591836735,0.5204081632653061,0.6489999999999999,0.007564390259630983
0.7448979591836735,0.5306122448979592,0.6336999999999999,0.004791763767132103
0.7448979591836735,0.5408163265306123,0.6382000000000001,0.00848504566870445
0.7448979591836735,0.5510204081632654,0.6082999999999998,0.006998642725557584
0.7448979591836735,0.5612244897959184,0.5825,0.009237153241123586
0.7448979591836735,0.5714285714285714,0.5559000000000001,0.009838140068122624
0.7448979591836735,0.5816326530612245,0.5301000000000001,0.010246414006861132
0.7448979591836735,0.5918367346938775,0.5002000000000001,0.013093357094343684
0.7448979591836735,0.6020408163265306,0.4760000000000001,0.007191661838546081
0.7448979591836735,0.6122448979591837,0.4476,0.007318743061482622
0.7448979591836735,0.6224489795918368,0.44880000000000003,0.0077946135247361666
0.7448979591836735,0.6326530612244898,0.4236000000000001,0.007565976473661547
0.7448979591836735,0.6428571428571429,0.4128,0.006488143031715622
0.7448979591836735,0.653061224489796,0.3952,0.006427752328769363
0.7448979591836735,0.6632653061224489,0.39519999999999994,0.008734758153492289
0.7448979591836735,0.6734693877551021,0.3851,0.006171628634323356
0.7448979591836735,0.6836734693877551,0.36129999999999995,0.005116737241641395
0.7448979591836735,0.6938775510204082,0.3644,0.0063232902827562824
0.7448979591836735,0.7040816326530612,0.3513,0.006233859157857193
0.7448979591836735,0.7142857142857143,0.34419999999999995,0.00420903789481634
0.7448979591836735,0.7244897959183674,0.3325,0.0035672117963473906
0.7448979591836735,0.7346938775510204,0.33619999999999994,0.005443895663952422
0.7448979591836735,0.7448979591836735,0.3226,0.002836194633659688
0.7551020408163265,0.5,0.6768,0.005782387050345205
0.7551020408163265,0.5102040816326531,0.6684,0.005744910791300415
0.7551020408163265,0.5204081632653061,0.6526,0.004047715405015529
0.7551020408163265,0.5306122448979592,0.6456000000000001,0.007932464938466485
0.7551020408163265,0.5408163265306123,0.6204,0.0069616090094172965
0.7551020408163265,0.5510204081632653,0.6223,0.007035694706281682
0.7551020408163265,0.5612244897959183,0.5992999999999999,0.005735939330223086
0.7551020408163265,0.5714285714285714,0.5725,0.008833176099229532
0.7551020408163265,0.5816326530612245,0.5542999999999999,0.010081716123755911
0.7551020408163265,0.5918367346938775,0.504,0.004764451699828642
0.7551020408163265,0.6020408163265306,0.4983000000000001,0.00503994047583898
0.7551020408163265,0.6122448979591837,0.4943000000000001,0.008209811203675761
0.7551020408163265,0.6224489795918366,0.454,0.005818934610390461
0.7551020408163265,0.6326530612244898,0.44400000000000006,0.006090976933136425
0.7551020408163265,0.6428571428571428,0.4323,0.007776953130886158
0.7551020408163265,0.6530612244897959,0.4298,0.0077081774759018085
0.7551020408163265,0.6632653061224489,0.40360000000000007,0.009999199967997436
0.7551020408163265,0.673469387755102,0.37679999999999997,0.007803588917927439
0.7551020408163265,0.6836734693877551,0.37940000000000007,0.00431091637589968
0.7551020408163265,0.6938775510204082,0.3548,0.00551869549803212
0.7551020408163265,0.7040816326530612,0.3591,0.006780044247643228
0.7551020408163265,0.7142857142857142,0.34750000000000003,0.006282117477411576
0.7551020408163265,0.7244897959183673,0.329,0.00455411901469428
0.7551020408163265,0.7346938775510203,0.32949999999999996,0.0028222331583340156
0.7551020408163265,0.7448979591836734,0.3359,0.003988608780013399
0.7551020408163265,0.7551020408163265,0.31800000000000006,0.004312771730569568
0.7653061224489797,0.5,0.6795000000000001,0.0075673641381923664
0.7653061224489797,0.5102040816326531,0.6784000000000001,0.006880697639047941
0.7653061224489797,0.5204081632653061,0.6636,0.007182200219988297
0.7653061224489797,0.5306122448979592,0.6587000000000002,0.0058173017800351385
0.7653061224489797,0.5408163265306123,0.6359999999999999,0.010948059188732949
0.7653061224489797,0.5510204081632654,0.5987,0.012336976939266773
0.7653061224489797,0.5612244897959184,0.5949,0.006482977710897978
0.7653061224489797,0.5714285714285714,0.5502,0.009787543103353358
0.7653061224489797,0.5816326530612245,0.5294000000000001,0.01163030524105021
0.7653061224489797,0.5918367346938775,0.5236,0.011657787097043756
0.7653061224489797,0.6020408163265306,0.49989999999999996,0.008824341335193244
0.7653061224489797,0.6122448979591837,0.46749999999999997,0.007779781487933964
0.7653061224489797,0.6224489795918368,0.4507999999999999,0.004480624956409543
0.7653061224489797,0.6326530612244898,0.4584999999999999,0.004976444513907492
0.7653061224489797,0.6428571428571429,0.44539999999999996,0.006246919240713781
0.7653061224489797,0.653061224489796,0.43150000000000005,0.007057265759485044
0.7653061224489797,0.663265306122449,0.4316000000000001,0.0075009332752664845
0.7653061224489797,0.6734693877551021,0.38090000000000007,0.00704336567274481
0.7653061224489797,0.6836734693877551,0.3744,0.004931936739253661
0.7653061224489797,0.6938775510204083,0.3585000000000001,0.006436225602012406
0.7653061224489797,0.7040816326530612,0.3731,0.007310882299695435
0.7653061224489797,0.7142857142857144,0.3516,0.005593210169482279
0.7653061224489797,0.7244897959183674,0.3386,0.005204229049532696
0.7653061224489797,0.7346938775510204,0.341,0.0067096944788865
0.7653061224489797,0.7448979591836735,0.32250000000000006,0.005167688071081692
0.7653061224489797,0.7551020408163266,0.32039999999999996,0.0027062889720057635
0.7653061224489797,0.7653061224489797,0.3225,0.004315669125408017
0.7755102040816326,0.5,0.6837000000000001,0.006291343258796161
0.7755102040816326,0.5102040816326531,0.6695,0.009163241784434149
0.7755102040816326,0.5204081632653061,0.6721,0.006562697616072214
0.7755102040816326,0.5306122448979592,0.6557,0.006506996234822944
0.7755102040816326,0.5408163265306123,0.6303,0.007126078865687643
0.7755102040816326,0.5510204081632653,0.6134000000000001,0.010249097521245469
0.7755102040816326,0.5612244897959183,0.6094,0.005513982227029758
0.7755102040816326,0.5714285714285714,0.5881,0.007956695293901852
0.7755102040816326,0.5816326530612245,0.5515,0.006211682541791707
0.7755102040816326,0.5918367346938775,0.5249999999999999,0.011300442469213317
0.7755102040816326,0.6020408163265306,0.5043000000000001,0.007278804846951184
0.7755102040816326,0.6122448979591837,0.4725,0.005062114182829143
0.7755102040816326,0.6224489795918368,0.4723,0.003914204900104231
0.7755102040816326,0.6326530612244898,0.44559999999999994,0.003865747017071861
0.7755102040816326,0.6428571428571428,0.44200000000000006,0.008221921916437787
0.7755102040816326,0.653061224489796,0.4258,0.005583547259583284
0.7755102040816326,0.6632653061224489,0.429,0.007183313998427186
0.7755102040816326,0.673469387755102,0.41190000000000004,0.006109746312245703
0.7755102040816326,0.6836734693877551,0.3964,0.0057292233330530915
0.7755102040816326,0.6938775510204082,0.3957,0.005347990276730127
0.7755102040816326,0.7040816326530612,0.37039999999999995,0.008636202869317046
0.7755102040816326,0.7142857142857143,0.35850000000000004,0.006433117440246213
0.7755102040816326,0.7244897959183674,0.3446999999999999,0.004418257575108084
0.7755102040816326,0.7346938775510203,0.3427,0.0030497540884471277
0.7755102040816326,0.7448979591836734,0.33699999999999997,0.0047349762407006835
0.7755102040816326,0.7551020408163265,0.3379,0.00588634011929314
0.7755102040816326,0.7653061224489796,0.3296,0.0035782677373276555
0.7755102040816326,0.7755102040816326,0.31070000000000003,0.003218850726579289
0.7857142857142857,0.5,0.6837,0.006649887217088712
0.7857142857142857,0.5102040816326531,0.6769000000000001,0.005107739225919812
0.7857142857142857,0.5204081632653061,0.6698000000000001,0.006780560448812472
0.7857142857142857,0.5306122448979592,0.6679999999999999,0.007717512552629893
0.7857142857142857,0.5408163265306123,0.6384000000000001,0.010273460955296427
0.7857142857142857,0.5510204081632653,0.6097,0.009426611268106903
0.7857142857142857,0.5612244897959183,0.6093,0.009912668661869021
0.7857142857142857,0.5714285714285714,0.5825,0.00915450708667594
0.7857142857142857,0.5816326530612245,0.563,0.00939574371723707
0.7857142857142857,0.5918367346938775,0.5469999999999999,0.00648536814683638
0.7857142857142857,0.6020408163265306,0.5061,0.006731196030424316
0.7857142857142857,0.6122448979591837,0.49000000000000005,0.011425410277097278
0.7857142857142857,0.6224489795918368,0.47850000000000004,0.008166088414902207
0.7857142857142857,0.6326530612244898,0.4554,0.006729338749089691
0.7857142857142857,0.6428571428571428,0.4497999999999999,0.0028768037819774943
0.7857142857142857,0.6530612244897959,0.44420000000000004,0.00769129377933258
0.7857142857142857,0.6632653061224489,0.4318000000000001,0.0034052900023346057
0.7857142857142857,0.673469387755102,0.4181,0.0051350754619576885
0.7857142857142857,0.6836734693877551,0.39239999999999997,0.006433039716961182
0.7857142857142857,0.6938775510204082,0.3978,0.006610295000981423
0.7857142857142857,0.7040816326530612,0.3709,0.006907170187565961
0.7857142857142857,0.7142857142857143,0.3758,0.008003499234709777
0.7857142857142857,0.7244897959183674,0.35860000000000003,0.00616960290456363
0.7857142857142857,0.7346938775510203,0.3439,0.00717837028858222
0.7857142857142857,0.7448979591836734,0.3309,0.002414332205807642
0.7857142857142857,0.7551020408163265,0.3389,0.005741863808903862
0.7857142857142857,0.7653061224489797,0.33490000000000003,0.003210763149159399
0.7857142857142857,0.7755102040816326,0.3295,0.004561249828720192
0.7857142857142857,0.7857142857142857,0.3148,0.004912840319000816
0.7959183673469388,0.5,0.6995,0.005555627777308332
0.7959183673469388,0.5102040816326531,0.6845,0.004917824722374714
0.7959183673469388,0.5204081632653061,0.663,0.006964194138592052
0.7959183673469388,0.5306122448979592,0.656,0.009709788875150688
0.7959183673469388,0.5408163265306123,0.6547000000000001,0.006851350231888607
0.7959183673469388,0.5510204081632653,0.6301,0.007576872705806801
0.7959183673469388,0.5612244897959183,0.6159000000000001,0.0072241954569349865
0.7959183673469388,0.5714285714285714,0.5906,0.011213563216034408
0.7959183673469388,0.5816326530612245,0.5577,0.003411890971294356
0.7959183673469388,0.5918367346938775,0.5467000000000001,0.009820437872111403
0.7959183673469388,0.6020408163265306,0.5276000000000001,0.009000222219478809
0.7959183673469388,0.6122448979591837,0.4951,0.009341787837453814
0.7959183673469388,0.6224489795918368,0.48949999999999994,0.006369065865572441
0.7959183673469388,0.6326530612244898,0.46769999999999995,0.006892096923288294
0.7959183673469388,0.6428571428571428,0.45919999999999994,0.007237126501588872
0.7959183673469388,0.653061224489796,0.45919999999999994,0.00466433274970815
0.7959183673469388,0.6632653061224489,0.4321,0.003721424458456738
0.7959183673469388,0.673469387755102,0.4282,0.005587128063683523
0.7959183673469388,0.6836734693877551,0.40800000000000003,0.008422588675698225
0.7959183673469388,0.6938775510204082,0.4018,0.004300697617828992
0.7959183673469388,0.7040816326530612,0.39110000000000006,0.004292901116960419
0.7959183673469388,0.7142857142857143,0.3681,0.0030836666486505986
0.7959183673469388,0.7244897959183674,0.3572,0.003239753077010654
0.7959183673469388,0.7346938775510204,0.35109999999999997,0.005889736836226214
0.7959183673469388,0.7448979591836735,0.3543,0.007306230218108377
0.7959183673469388,0.7551020408163265,0.34259999999999996,0.00460478012504397
0.7959183673469388,0.7653061224489797,0.3381,0.005591869097180295
0.7959183673469388,0.7755102040816326,0.32230000000000003,0.00472662670410939
0.7959183673469388,0.7857142857142857,0.32589999999999997,0.0044909909819548744
0.7959183673469388,0.7959183673469388,0.32470000000000004,0.003677091241728987
0.8061224489795918,0.5,0.6919000000000001,0.005363674113888714
0.8061224489795918,0.5102040816326531,0.6863,0.0071568847971725715
0.8061224489795918,0.5204081632653061,0.6743,0.006302459837238149
0.8061224489795918,0.5306122448979592,0.6625,0.005046285762816058
0.8061224489795918,0.5408163265306123,0.6488,0.009088234151913129
0.8061224489795918,0.5510204081632653,0.6121,0.008687289565796695
0.8061224489795918,0.5612244897959183,0.6018000000000001,0.009740431201954048
0.8061224489795918,0.5714285714285714,0.6016999999999999,0.005822456526243889
0.8061224489795918,0.5816326530612245,0.5716,0.0066801197594055116
0.8061224489795918,0.5918367346938775,0.5416000000000001,0.00951020504510812
0.8061224489795918,0.6020408163265306,0.5367,0.00764336313411838
0.8061224489795918,0.6122448979591837,0.5123,0.008664929313041162
0.8061224489795918,0.6224489795918368,0.4901000000000001,0.006073631533110978
0.8061224489795918,0.6326530612244898,0.4729,0.004848608047677186
0.8061224489795918,0.6428571428571428,0.4657,0.008110548686741237
0.8061224489795918,0.653061224489796,0.44930000000000003,0.004829182125370714
0.8061224489795918,0.6632653061224489,0.4356,0.006764909459852366
0.8061224489795918,0.673469387755102,0.438,0.005880476171195664
0.8061224489795918,0.6836734693877551,0.4255000000000001,0.0047963527810201785
0.8061224489795918,0.6938775510204082,0.41500000000000004,0.006357672530100931
0.8061224489795918,0.7040816326530612,0.4022,0.004511762405091826
0.8061224489795918,0.7142857142857143,0.3904,0.009691439521557153
0.8061224489795918,0.7244897959183674,0.3768,0.004110474425172845
0.8061224489795918,0.7346938775510204,0.36629999999999996,0.007266429659743497
0.8061224489795918,0.7448979591836735,0.35749999999999993,0.005171556825560367
0.8061224489795918,0.7551020408163265,0.34450000000000003,0.00399061398784698
0.8061224489795918,0.7653061224489797,0.3349,0.005864213502252453
0.8061224489795918,0.7755102040816326,0.3326,0.0038319707723311267
0.8061224489795918,0.7857142857142857,0.32320000000000004,0.0029826163011691617
0.8061224489795918,0.7959183673469388,0.31799999999999995,0.003224903099319423
0.8061224489795918,0.8061224489795918,0.31320000000000003,0.0039794471977901685
0.8163265306122449,0.5,0.7006,0.005259657783544469
0.8163265306122449,0.5102040816326531,0.6913999999999999,0.0038031565836814983
0.8163265306122449,0.5204081632653061,0.6847999999999999,0.006858279667671761
0.8163265306122449,0.5306122448979592,0.6662000000000001,0.007774059428638296
0.8163265306122449,0.5408163265306123,0.6613,0.009342430090720505
0.8163265306122449,0.5510204081632653,0.6459,0.008502293808143784
0.8163265306122449,0.5612244897959183,0.6131999999999999,0.00850740853609371
0.8163265306122449,0.5714285714285714,0.5974,0.00577269434493114
0.8163265306122449,0.5816326530612245,0.5741999999999999,0.007730200514863759
0.8163265306122449,0.5918367346938775,0.5597000000000001,0.003283443314570837
0.8163265306122449,0.6020408163265306,0.5497000000000001,0.008788685908598616
0.8163265306122449,0.6122448979591837,0.5239999999999999,0.008027452896155786
0.8163265306122449,0.6224489795918368,0.4981,0.006416307349246923
0.8163265306122449,0.6326530612244898,0.4854,0.006003665546980446
0.8163265306122449,0.6428571428571428,0.4765999999999999,0.005196537308631582
0.8163265306122449,0.653061224489796,0.46180000000000004,0.004531666360181426
0.8163265306122449,0.6632653061224489,0.4513000000000001,0.00482503885994714
0.8163265306122449,0.673469387755102,0.44430000000000003,0.007197291157095149
0.8163265306122449,0.6836734693877551,0.4244,0.00412601502663284
0.8163265306122449,0.6938775510204082,0.42300000000000004,0.006437390775772432
0.8163265306122449,0.7040816326530612,0.4104,0.008982427288879104
0.8163265306122449,0.7142857142857143,0.4018999999999999,0.007426237270650593
0.8163265306122449,0.7244897959183674,0.3904,0.004775353390064447
0.8163265306122449,0.7346938775510204,0.3794999999999999,0.00802900990160057
0.8163265306122449,0.7448979591836735,0.3659,0.0050881234261759035
0.8163265306122449,0.7551020408163265,0.3626,0.004228947859692764
0.8163265306122449,0.7653061224489797,0.3398,0.006155972709491164
0.8163265306122449,0.7755102040816326,0.3281,0.003683612357455654
0.8163265306122449,0.7857142857142857,0.3383999999999999,0.00399799949974984
0.8163265306122449,0.7959183673469388,0.32920000000000005,0.005334416556662965
0.8163265306122449,0.8061224489795918,0.31310000000000004,0.003774784762075849
0.8163265306122449,0.8163265306122449,0.3161999999999999,0.0037062110031675245
0.8265306122448979,0.5,0.6994,0.0038579787454054147
0.8265306122448979,0.5102040816326531,0.6920999999999999,0.005722674200057164
0.8265306122448979,0.5204081632653061,0.7006,0.004425381339500579
0.8265306122448979,0.5306122448979592,0.6839,0.006229686990531699
0.8265306122448979,0.5408163265306123,0.6563000000000001,0.0072678057211238095
0.8265306122448979,0.5510204081632653,0.6446000000000001,0.006781150344889875
0.8265306122448979,0.5612244897959183,0.6223,0.007549900661598144
0.8265306122448979,0.5714285714285714,0.6066999999999999,0.004626121485650808
0.8265306122448979,0.5816326530612245,0.5812999999999999,0.008109315630803866
0.8265306122448979,0.5918367346938775,0.5730999999999999,0.00936637603345071
0.8265306122448979,0.6020408163265306,0.5543,0.005338632783775252
0.8265306122448979,0.6122448979591837,0.5306000000000001,0.007152901509177943
0.8265306122448979,0.6224489795918366,0.5072,0.008285891623717996
0.8265306122448979,0.6326530612244898,0.48850000000000005,0.011273198303941967
0.8265306122448979,0.6428571428571428,0.47619999999999996,0.006430863083599274
0.8265306122448979,0.6530612244897959,0.45919999999999994,0.004428995371413249
0.8265306122448979,0.6632653061224489,0.46060000000000006,0.0041017069617416595
0.8265306122448979,0.673469387755102,0.44630000000000003,0.007180598860819338
0.8265306122448979,0.6836734693877551,0.43839999999999996,0.006925604666742107
0.8265306122448979,0.693877551020408,0.4307,0.004081788823542936
0.8265306122448979,0.7040816326530612,0.40469999999999995,0.005781089862647005
0.8265306122448979,0.7142857142857142,0.4093,0.005642783001321243
0.8265306122448979,0.7244897959183673,0.4031999999999999,0.004500666617291262
0.8265306122448979,0.7346938775510203,0.3899,0.005943820320299057
0.8265306122448979,0.7448979591836734,0.373,0.008037412518964048
0.8265306122448979,0.7551020408163265,0.3668,0.005088811256079365
0.8265306122448979,0.7653061224489796,0.3396,0.003555840266378675
0.8265306122448979,0.7755102040816326,0.339,0.005021951811795883
0.8265306122448979,0.7857142857142856,0.33740000000000003,0.005361343115302357
0.8265306122448979,0.7959183673469388,0.33280000000000004,0.004553679830642465
0.8265306122448979,0.8061224489795917,0.32399999999999995,0.004913247398615298
0.8265306122448979,0.8163265306122448,0.318,0.0034985711369071833
0.8265306122448979,0.8265306122448979,0.3115,0.002103568396796265
0.8367346938775511,0.5,0.7064999999999999,0.004089621009335702
0.8367346938775511,0.5102040816326531,0.6949,0.008052887680826045
0.8367346938775511,0.5204081632653061,0.6902000000000001,0.004272704061832494
0.8367346938775511,0.5306122448979592,0.6909,0.005729659675757354
0.8367346938775511,0.5408163265306123,0.6552,0.007794613524736175
0.8367346938775511,0.5510204081632654,0.6443000000000001,0.008153588167181373
0.8367346938775511,0.5612244897959184,0.6296,0.010490185889678035
0.8367346938775511,0.5714285714285714,0.6162,0.01150895303665803
0.8367346938775511,0.5816326530612245,0.5744999999999999,0.010259873293564594
0.8367346938775511,0.5918367346938775,0.5658000000000001,0.009071714281214983
0.8367346938775511,0.6020408163265306,0.5605,0.007365120501390311
0.8367346938775511,0.6122448979591837,0.5490999999999999,0.008228547867029753
0.8367346938775511,0.6224489795918368,0.5265,0.008587490902469715
0.8367346938775511,0.6326530612244898,0.48579999999999995,0.008372335397008412
0.8367346938775511,0.6428571428571429,0.4826,0.00712769247372528
0.8367346938775511,0.653061224489796,0.47359999999999997,0.005209990403062177
0.8367346938775511,0.6632653061224489,0.4598,0.0035799441336423084
0.8367346938775511,0.6734693877551021,0.4565,0.005442885264269311
0.8367346938775511,0.6836734693877551,0.4465,0.004479397280885012
0.8367346938775511,0.6938775510204083,0.44860000000000005,0.007388098537512883
0.8367346938775511,0.7040816326530612,0.4143,0.005482791259933207
0.8367346938775511,0.7142857142857143,0.4152,0.00478915441388143
0.8367346938775511,0.7244897959183674,0.4156999999999999,0.0037230363952021716
0.8367346938775511,0.7346938775510204,0.396,0.00682495421230062
0.8367346938775511,0.7448979591836735,0.38349999999999995,0.005111262075065217
0.8367346938775511,0.7551020408163265,0.3739,0.006106471976518031
0.8367346938775511,0.7653061224489797,0.35690000000000005,0.005162266943891992
0.8367346938775511,0.7755102040816326,0.3549,0.005265833267394627
0.8367346938775511,0.7857142857142858,0.3513,0.005349859811247391
0.8367346938775511,0.7959183673469388,0.33869999999999995,0.004882724649209699
0.8367346938775511,0.8061224489795918,0.3288,0.004286723690652336
0.8367346938775511,0.8163265306122449,0.3242,0.00400699388569536
0.8367346938775511,0.826530612244898,0.31930000000000003,0.005223121671950598
0.8367346938775511,0.8367346938775511,0.31070000000000003,0.0029259186591564733
0.846938775510204,0.5,0.7006999999999999,0.00521737481881453
0.846938775510204,0.5102040816326531,0.6866,0.006624499981130643
0.846938775510204,0.5204081632653061,0.692,0.004921381919745702
0.846938775510204,0.5306122448979592,0.6659,0.006908617806768587
0.846938775510204,0.5408163265306123,0.6721999999999999,0.007094786818502717
0.846938775510204,0.5510204081632653,0.6598,0.008582307382050586
0.846938775510204,0.5612244897959183,0.6369999999999999,0.0061335144900782675
0.846938775510204,0.5714285714285714,0.6038,0.007107460868692847
0.846938775510204,0.5816326530612245,0.5954,0.007576542747190172
0.846938775510204,0.5918367346938775,0.5775,0.008568838894506065
0.846938775510204,0.6020408163265306,0.5689,0.007981791778792522
0.846938775510204,0.6122448979591837,0.5538000000000001,0.0069394524279657605
0.846938775510204,0.6224489795918368,0.5260999999999999,0.006623367723447044
0.846938775510204,0.6326530612244898,0.5162,0.006222218253966993
0.846938775510204,0.6428571428571428,0.5058,0.0034170162422792224
0.846938775510204,0.6530612244897959,0.4824,0.00678115034488987
0.846938775510204,0.6632653061224489,0.461,0.008920762299265684
0.846938775510204,0.673469387755102,0.45709999999999995,0.004750684161255089
0.846938775510204,0.6836734693877551,0.4448,0.006069266842049375
0.846938775510204,0.6938775510204082,0.4366999999999999,0.0024209502266672087
0.846938775510204,0.7040816326530612,0.4290999999999999,0.005972352970145017
0.846938775510204,0.7142857142857142,0.43289999999999995,0.003327010670256412
0.846938775510204,0.7244897959183674,0.41800000000000004,0.006349803146555014
0.846938775510204,0.7346938775510203,0.4029,0.006058795259785561
0.846938775510204,0.7448979591836734,0.3949,0.006695446213658951
0.846938775510204,0.7551020408163265,0.3947,0.002922498930709812
0.846938775510204,0.7653061224489796,0.38139999999999996,0.005822714143764918
0.846938775510204,0.7755102040816326,0.3706,0.003053522555999876
0.846938775510204,0.7857142857142856,0.35489999999999994,0.0030214235055681933
0.846938775510204,0.7959183673469388,0.35359999999999997,0.0036309778297312673
0.846938775510204,0.8061224489795917,0.33530000000000004,0.0015940514420808398
0.846938775510204,0.8163265306122449,0.3311,0.0032293962283993565
0.846938775510204,0.8265306122448979,0.3221,0.0019771191162901657
0.846938775510204,0.836734693877551,0.32060000000000005,0.00431091637589968
0.846938775510204,0.846938775510204,0.3122,0.0039794471977901685
0.8571428571428572,0.5,0.7038,0.0038152326272456864
0.8571428571428572,0.5102040816326531,0.7006999999999999,0.004108649413128349
0.8571428571428572,0.5204081632653061,0.6993,0.004340622075232985
0.8571428571428572,0.5306122448979592,0.6896000000000001,0.005267257350842076
0.8571428571428572,0.5408163265306123,0.6799999999999999,0.006434283176858155
0.8571428571428572,0.5510204081632654,0.6696000000000001,0.005231061077831144
0.8571428571428572,0.5612244897959184,0.6632,0.010242851165569085
0.8571428571428572,0.5714285714285714,0.6338,0.006701940017636689
0.8571428571428572,0.5816326530612245,0.5972,0.011516770380623206
0.8571428571428572,0.5918367346938775,0.5867,0.00784480719967036
0.8571428571428572,0.6020408163265306,0.5774999999999999,0.0036283605113053502
0.8571428571428572,0.6122448979591837,0.5500999999999999,0.007012061037954523
0.8571428571428572,0.6224489795918368,0.5328,0.006265460876902831
0.8571428571428572,0.6326530612244898,0.5183,0.004963970185244875
0.8571428571428572,0.6428571428571429,0.5050000000000001,0.010074720839804947
0.8571428571428572,0.653061224489796,0.4883,0.0049860806251002384
0.8571428571428572,0.6632653061224489,0.475,0.004436214602563765
0.8571428571428572,0.6734693877551021,0.4735999999999999,0.005020358552932247
0.8571428571428572,0.6836734693877551,0.4586,0.0072335330233572566
0.8571428571428572,0.6938775510204082,0.44899999999999995,0.0037496666518505345
0.8571428571428572,0.7040816326530612,0.44159999999999994,0.0048830318450733086
0.8571428571428572,0.7142857142857143,0.4377,0.004833321839066796
0.8571428571428572,0.7244897959183674,0.4295999999999999,0.004523715287239023
0.8571428571428572,0.7346938775510204,0.4126,0.00432018518121619
0.8571428571428572,0.7448979591836735,0.40590000000000004,0.008462210113203288
0.8571428571428572,0.7551020408163266,0.40170000000000006,0.0039039723359675558
0.8571428571428572,0.7653061224489797,0.3798,0.006635962627983977
0.8571428571428572,0.7755102040816327,0.35819999999999996,0.007585248842325479
0.8571428571428572,0.7857142857142858,0.3577,0.0030726210309766477
0.8571428571428572,0.7959183673469388,0.3545,0.006198790204547979
0.8571428571428572,0.806122448979592,0.34,0.002509980079602223
0.8571428571428572,0.8163265306122449,0.3419,0.007331370949556433
0.8571428571428572,0.826530612244898,0.3296,0.006473329900445363
0.8571428571428572,0.8367346938775511,0.3328000000000001,0.004108040895609485
0.8571428571428572,0.8469387755102041,0.31690000000000007,0.004145961890804115
0.8571428571428572,0.8571428571428572,0.318,0.004534313619501858
0.8673469387755102,0.5,0.7109,0.005645263501378827
0.8673469387755102,0.5102040816326531,0.7025,0.005267352276049132
0.8673469387755102,0.5204081632653061,0.6996,0.004994396860482747
0.8673469387755102,0.5306122448979592,0.7016,0.004037821194654362
0.8673469387755102,0.5408163265306123,0.6871999999999999,0.004657896520963074
0.8673469387755102,0.5510204081632653,0.6722999999999999,0.008229277003479704
0.8673469387755102,0.5612244897959183,0.6460999999999999,0.0037535316703073154
0.8673469387755102,0.5714285714285714,0.6264000000000001,0.007968939703624322
0.8673469387755102,0.5816326530612245,0.6007,0.005803533406468862
0.8673469387755102,0.5918367346938775,0.5938,0.007329120001746464
0.8673469387755102,0.6020408163265306,0.5786,0.007604209360610734
0.8673469387755102,0.6122448979591837,0.5622,0.0086392129271132
0.8673469387755102,0.6224489795918368,0.5549000000000001,0.0047380375684453885
0.8673469387755102,0.6326530612244898,0.5388,0.004793328697262475
0.8673469387755102,0.6428571428571428,0.5176000000000001,0.006582096930310284
0.8673469387755102,0.653061224489796,0.5073000000000001,0.009098406453879711
0.8673469387755102,0.6632653061224489,0.4822,0.005275983320671133
0.8673469387755102,0.673469387755102,0.47969999999999996,0.006460727513213973
0.8673469387755102,0.6836734693877551,0.46769999999999995,0.00504192423584488
0.8673469387755102,0.6938775510204082,0.45660000000000006,0.003140700558792576
0.8673469387755102,0.7040816326530612,0.44750000000000006,0.0027865749586185574
0.8673469387755102,0.7142857142857143,0.44830000000000003,0.0024250773183550275
0.8673469387755102,0.7244897959183674,0.43310000000000004,0.0053243778979332424
0.8673469387755102,0.7346938775510203,0.43689999999999996,0.0031062839535367683
0.8673469387755102,0.7448979591836734,0.41,0.006018305409332428
0.8673469387755102,0.7551020408163265,0.4085000000000001,0.003945250308915769
0.8673469387755102,0.7653061224489796,0.3942,0.004910804414757321
0.8673469387755102,0.7755102040816326,0.384,0.004496665431183426
0.8673469387755102,0.7857142857142857,0.3792,0.0035490843889656974
0.8673469387755102,0.7959183673469388,0.3624,0.005611060505822407
0.8673469387755102,0.8061224489795918,0.35309999999999997,0.003170015772831421
0.8673469387755102,0.8163265306122449,0.3565999999999999,0.004911618877722496
0.8673469387755102,0.8265306122448979,0.34169999999999995,0.004872473704392868
0.8673469387755102,0.836734693877551,0.33849999999999997,0.0032840523747346005
0.8673469387755102,0.846938775510204,0.3325,0.003191394679446585
0.8673469387755102,0.8571428571428571,0.32110000000000005,0.0035480980820715804
0.8673469387755102,0.8673469387755102,0.3189000000000001,0.002007236906795012
0.8775510204081632,0.5,0.7062999999999999,0.0038834263222056915
0.8775510204081632,0.5102040816326531,0.7028,0.00317111967607657
0.8775510204081632,0.5204081632653061,0.7038,0.004305345514589965
0.8775510204081632,0.5306122448979592,0.6973999999999999,0.0029264312737530556
0.8775510204081632,0.5408163265306123,0.6816999999999999,0.006675402609580928
0.8775510204081632,0.5510204081632653,0.6756,0.004045244121187242
0.8775510204081632,0.5612244897959183,0.6532,0.009674502571191967
0.8775510204081632,0.5714285714285714,0.637,0.00855219270129012
0.8775510204081632,0.5816326530612245,0.6203000000000001,0.007299383535614504
0.8775510204081632,0.5918367346938775,0.6246,0.00778870977762043
0.8775510204081632,0.6020408163265306,0.5887999999999999,0.008265349357407708
0.8775510204081632,0.6122448979591837,0.5677999999999999,0.007654802414171112
0.8775510204081632,0.6224489795918368,0.5488000000000001,0.0061282950320623395
0.8775510204081632,0.6326530612244898,0.5497,0.0065453036598770485
0.8775510204081632,0.6428571428571428,0.5194000000000001,0.005918107805709529
0.8775510204081632,0.653061224489796,0.49820000000000003,0.005777196551961865
0.8775510204081632,0.6632653061224489,0.5025,0.003739652390263034
0.8775510204081632,0.673469387755102,0.485,0.0033346664001066163
0.8775510204081632,0.6836734693877551,0.475,0.005941380311005178
0.8775510204081632,0.6938775510204082,0.46340000000000003,0.0026046112953759483
0.8775510204081632,0.7040816326530612,0.4569,0.0039457572150349
0.8775510204081632,0.7142857142857143,0.44210000000000005,0.0037133542788158557
0.8775510204081632,0.7244897959183674,0.4377,0.006326215298264834
0.8775510204081632,0.7346938775510203,0.4328,0.0037783594323462693
0.8775510204081632,0.7448979591836735,0.42410000000000003,0.00340132327190463
0.8775510204081632,0.7551020408163265,0.4103,0.003171907943178675
0.8775510204081632,0.7653061224489797,0.3995,0.003917269457160175
0.8775510204081632,0.7755102040816326,0.3881,0.006472171196746884
0.8775510204081632,0.7857142857142857,0.37950000000000006,0.0060584651521651935
0.8775510204081632,0.7959183673469388,0.3701,0.0053580780136164505
0.8775510204081632,0.8061224489795918,0.366,0.005480875842417889
0.8775510204081632,0.8163265306122449,0.35569999999999996,0.004084237995024283
0.8775510204081632,0.8265306122448979,0.3477,0.0031242599123632417
0.8775510204081632,0.8367346938775511,0.34120000000000006,0.003602221536774213
0.8775510204081632,0.846938775510204,0.3399,0.0032632805579661667
0.8775510204081632,0.8571428571428571,0.3337,0.003828968529512873
0.8775510204081632,0.8673469387755102,0.32410000000000005,0.003308927318633641
0.8775510204081632,0.8775510204081632,0.31500000000000006,0.002576819745345027
0.8877551020408163,0.5,0.7182000000000001,0.0027741665415039543
0.8877551020408163,0.5102040816326531,0.6953,0.0023196982562393724
0.8877551020408163,0.5204081632653061,0.7057,0.0024333105021759984
0.8877551020408163,0.5306122448979592,0.6905999999999999,0.006912597196423345
0.8877551020408163,0.5408163265306123,0.6796000000000001,0.007564654651733935
0.8877551020408163,0.5510204081632653,0.6877000000000001,0.007903227188939963
0.8877551020408163,0.5612244897959183,0.6711,0.007196457461834947
0.8877551020408163,0.5714285714285714,0.6527,0.009410685416057647
0.8877551020408163,0.5816326530612245,0.6242000000000001,0.007448221264167714
0.8877551020408163,0.5918367346938775,0.6145,0.00957522845680457
0.8877551020408163,0.6020408163265306,0.5862,0.004141980202753271
0.8877551020408163,0.6122448979591837,0.5828,0.00779333048189283
0.8877551020408163,0.6224489795918368,0.5640000000000001,0.00851234397801216
0.8877551020408163,0.6326530612244898,0.5387,0.0032528449086914697
0.8877551020408163,0.6428571428571428,0.5284,0.0072652598026498654
0.8877551020408163,0.653061224489796,0.5247,0.00999804980983792
0.8877551020408163,0.6632653061224489,0.5003,0.0042001190459319115
0.8877551020408163,0.673469387755102,0.48889999999999995,0.00552892394594102
0.8877551020408163,0.6836734693877551,0.4694,0.005169526090465158
0.8877551020408163,0.6938775510204082,0.47219999999999995,0.0048534523794923545
0.8877551020408163,0.7040816326530612,0.4598999999999999,0.0037133542788158483
0.8877551020408163,0.7142857142857143,0.4627,0.006496229675742689
0.8877551020408163,0.7244897959183674,0.4487,0.0058975418608094654
0.8877551020408163,0.7346938775510203,0.44910000000000005,0.005719178262652774
0.8877551020408163,0.7448979591836734,0.4309,0.004260164316079839
0.8877551020408163,0.7551020408163265,0.4231999999999999,0.00454048455563941
0.8877551020408163,0.7653061224489797,0.40940000000000004,0.00467803377499564
0.8877551020408163,0.7755102040816326,0.40440000000000004,0.0052138277685401125
0.8877551020408163,0.7857142857142857,0.3965,0.0037609839138182948
0.8877551020408163,0.7959183673469388,0.38230000000000003,0.00399261818860757
0.8877551020408163,0.8061224489795918,0.37359999999999993,0.005269155530063618
0.8877551020408163,0.8163265306122449,0.37239999999999995,0.0055085388262224345
0.8877551020408163,0.8265306122448979,0.36150000000000004,0.005544817400059266
0.8877551020408163,0.8367346938775511,0.34829999999999994,0.0033497761119215073
0.8877551020408163,0.846938775510204,0.3478,0.0029044792992892867
0.8877551020408163,0.8571428571428571,0.3373,0.0037577919048292145
0.8877551020408163,0.8673469387755102,0.32809999999999995,0.004430462729783423
0.8877551020408163,0.8775510204081632,0.31660000000000005,0.003507705802943003
0.8877551020408163,0.8877551020408163,0.3228000000000001,0.003568753283711277
0.8979591836734694,0.5,0.7159000000000001,0.0036808966298987568
0.8979591836734694,0.5102040816326531,0.7162999999999999,0.0031970298716152185
0.8979591836734694,0.5204081632653061,0.7081999999999999,0.00383874979648322
0.8979591836734694,0.5306122448979592,0.7034,0.006600303023346725
0.8979591836734694,0.5408163265306123,0.7022999999999999,0.003036609951903605
0.8979591836734694,0.5510204081632653,0.6899000000000001,0.0037481995677925047
0.8979591836734694,0.5612244897959183,0.6638,0.007248172183385273
0.8979591836734694,0.5714285714285714,0.6412,0.007661331476969267
0.8979591836734694,0.5816326530612245,0.6294000000000001,0.0070031421519201
0.8979591836734694,0.5918367346938775,0.6302,0.008655402936894395
0.8979591836734694,0.6020408163265306,0.6023,0.008214681978019606
0.8979591836734694,0.6122448979591837,0.5890000000000001,0.006346652661048977
0.8979591836734694,0.6224489795918368,0.5717000000000001,0.006154754259919716
0.8979591836734694,0.6326530612244898,0.5524000000000001,0.0054958165908261455
0.8979591836734694,0.6428571428571428,0.5434000000000001,0.006909703322140536
0.8979591836734694,0.653061224489796,0.5175000000000001,0.005503180898353248
0.8979591836734694,0.6632653061224489,0.5122,0.008167986287941485
0.8979591836734694,0.673469387755102,0.5054,0.005028319798899035
0.8979591836734694,0.6836734693877551,0.48929999999999996,0.007404120474438541
0.8979591836734694,0.6938775510204082,0.47029999999999994,0.004694784340094864
0.8979591836734694,0.7040816326530612,0.46840000000000004,0.004247822971829213
0.8979591836734694,0.7142857142857143,0.46980000000000005,0.0037783594323462615
0.8979591836734694,0.7244897959183674,0.4492,0.004356145084819835
0.8979591836734694,0.7346938775510204,0.4473,0.0037551298246532075
0.8979591836734694,0.7448979591836735,0.4448,0.005043411543786607
0.8979591836734694,0.7551020408163265,0.4386,0.0035586514299661355
0.8979591836734694,0.7653061224489796,0.41899999999999993,0.004370354676682429
0.8979591836734694,0.7755102040816326,0.42219999999999996,0.0030718072856219343
0.8979591836734694,0.7857142857142857,0.3992,0.005230296358716202
0.8979591836734694,0.7959183673469388,0.4003,0.004963970185244867
0.8979591836734694,0.8061224489795918,0.3916,0.0038631593288395473
0.8979591836734694,0.8163265306122449,0.3726,0.004359357750861931
0.8979591836734694,0.8265306122448979,0.3629,0.004410102039635818
0.8979591836734694,0.8367346938775511,0.3670999999999999,0.00426016431607984
0.8979591836734694,0.846938775510204,0.35209999999999997,0.006242515518603054
0.8979591836734694,0.8571428571428572,0.3419,0.004201071291944469
0.8979591836734694,0.8673469387755102,0.3418,0.00481829845484897
0.8979591836734694,0.8775510204081632,0.3295,0.003415406271587612
0.8979591836734694,0.8877551020408163,0.32830000000000004,0.004020074626173
0.8979591836734694,0.8979591836734694,0.3166,0.0031247399891831027
0.9081632653061225,0.5,0.7142999999999999,0.004263918385710499
0.9081632653061225,0.5102040816326531,0.7145999999999999,0.002793564031841764
0.9081632653061225,0.5204081632653061,0.7059999999999998,0.002860069929215012
0.9081632653061225,0.5306122448979592,0.7047999999999999,0.005997999666555503
0.9081632653061225,0.5408163265306123,0.7006,0.004315553266963565
0.9081632653061225,0.5510204081632653,0.6792999999999999,0.005405645197383924
0.9081632653061225,0.5612244897959183,0.6851,0.005748825967099707
0.9081632653061225,0.5714285714285714,0.6558,0.006682514496804328
0.9081632653061225,0.5816326530612245,0.6552,0.005730270499723375
0.9081632653061225,0.5918367346938775,0.6271999999999999,0.00699971427988315
0.9081632653061225,0.6020408163265306,0.6043,0.007676001563314066
0.9081632653061225,0.6122448979591837,0.5917,0.006212970304129907
0.9081632653061225,0.6224489795918368,0.5856,0.006079802628375363
0.9081632653061225,0.6326530612244898,0.5599000000000001,0.005454264386697797
0.9081632653061225,0.6428571428571428,0.5483,0.0032956031314464993
0.9081632653061225,0.653061224489796,0.5328,0.004566836979792472
0.9081632653061225,0.6632653061224489,0.5206000000000001,0.005730968504537436
0.9081632653061225,0.673469387755102,0.5055,0.0075249584716462125
0.9081632653061225,0.6836734693877551,0.4952,0.004006993885695359
0.9081632653061225,0.6938775510204082,0.4873,0.007258167812885014
0.9081632653061225,0.7040816326530612,0.48250000000000004,0.00497845357515765
0.9081632653061225,0.7142857142857143,0.4708,0.005139649793517061
0.9081632653061225,0.7244897959183674,0.46210000000000007,0.006007412088412113
0.9081632653061225,0.7346938775510203,0.4605,0.0030074906483645108
0.9081632653061225,0.7448979591836735,0.4444,0.0024584547992590813
0.9081632653061225,0.7551020408163265,0.4335,0.004839938016132025
0.9081632653061225,0.7653061224489797,0.4311,0.003986100851709599
0.9081632653061225,0.7755102040816326,0.42729999999999996,0.006308803373065293
0.9081632653061225,0.7857142857142857,0.4119,0.0033119480672256884
0.9081632653061225,0.7959183673469388,0.40759999999999996,0.005815840437976268
0.9081632653061225,0.8061224489795918,0.3969,0.00449321711026743
0.9081632653061225,0.8163265306122449,0.38569999999999993,0.005375965029648169
0.9081632653061225,0.826530612244898,0.3747,0.0024415159225366543
0.9081632653061225,0.8367346938775511,0.36540000000000006,0.006036886614804026
0.9081632653061225,0.846938775510204,0.3534,0.0036144155820823885
0.9081632653061225,0.8571428571428572,0.34550000000000003,0.0039070449191172555
0.9081632653061225,0.8673469387755102,0.35540000000000005,0.0035530268785923915
0.9081632653061225,0.8775510204081634,0.34019999999999995,0.002942108087749322
0.9081632653061225,0.8877551020408163,0.32959999999999995,0.0037288067796548536
0.9081632653061225,0.8979591836734694,0.3257,0.005540848310502643
0.9081632653061225,0.9081632653061225,0.31539999999999996,0.0016804761230080015
0.9183673469387755,0.5,0.7180000000000001,0.0024576411454889035
0.9183673469387755,0.5102040816326531,0.7203999999999999,0.003296058251912429
0.9183673469387755,0.5204081632653061,0.7114,0.00542807516528649
0.9183673469387755,0.5306122448979592,0.7099999999999999,0.0029189039038652878
0.9183673469387755,0.5408163265306123,0.6997,0.005442517799695276
0.9183673469387755,0.5510204081632653,0.6860999999999999,0.006583995747264716
0.9183673469387755,0.5612244897959183,0.6794,0.00752887773841493
0.9183673469387755,0.5714285714285714,0.6712,0.00537921927420699
0.9183673469387755,0.5816326530612245,0.6489,0.005675297349038203
0.9183673469387755,0.5918367346938775,0.6232999999999999,0.009893482703274926
0.9183673469387755,0.6020408163265306,0.62,0.007893034904268454
0.9183673469387755,0.6122448979591837,0.5998,0.0051938425082014225
0.9183673469387755,0.6224489795918368,0.5923,0.009151010873122162
0.9183673469387755,0.6326530612244898,0.5791,0.00599408041320768
0.9183673469387755,0.6428571428571429,0.567,0.010349879226348484
0.9183673469387755,0.653061224489796,0.5387,0.004270948372434391
0.9183673469387755,0.6632653061224489,0.5297,0.006575788926052903
0.9183673469387755,0.673469387755102,0.5163,0.008384569160070183
0.9183673469387755,0.6836734693877551,0.5106999999999999,0.003880850422265721
0.9183673469387755,0.6938775510204082,0.4946,0.004214736053420194
0.9183673469387755,0.7040816326530612,0.49049999999999994,0.004850257725111111
0.9183673469387755,0.7142857142857143,0.47640000000000005,0.00477744701697465
0.9183673469387755,0.7244897959183674,0.46790000000000004,0.0026923967018253397
0.9183673469387755,0.7346938775510204,0.4683,0.005592941980746803
0.9183673469387755,0.7448979591836735,0.4635999999999999,0.004292318720691646
0.9183673469387755,0.7551020408163265,0.4535,0.006117597567673112
0.9183673469387755,0.7653061224489797,0.44430000000000003,0.004595758914477563
0.9183673469387755,0.7755102040816326,0.4283,0.008204937537848778
0.9183673469387755,0.7857142857142858,0.4234,0.005913036445008606
0.9183673469387755,0.7959183673469388,0.40879999999999994,0.0027232333722984484
0.9183673469387755,0.8061224489795918,0.41390000000000005,0.0030147968422432666
0.9183673469387755,0.8163265306122449,0.39630000000000004,0.006681392070519436
0.9183673469387755,0.826530612244898,0.3815,0.0033113441379596926
0.9183673469387755,0.8367346938775511,0.38180000000000003,0.0038750483867946764
0.9183673469387755,0.846938775510204,0.3644,0.003914588100937317
0.9183673469387755,0.8571428571428572,0.368,0.004303486958270002
0.9183673469387755,0.8673469387755102,0.3559,0.00215615398336946
0.9183673469387755,0.8775510204081634,0.3579,0.004309176255388027
0.9183673469387755,0.8877551020408163,0.34220000000000006,0.0033039370454050676
0.9183673469387755,0.8979591836734694,0.3325,0.0031280984639234077
0.9183673469387755,0.9081632653061225,0.329,0.003117691453623979
0.9183673469387755,0.9183673469387755,0.322,0.002753179979587243
0.9285714285714286,0.5,0.7218000000000001,0.00192769292160344
0.9285714285714286,0.5102040816326531,0.7102999999999999,0.002383484843669036
0.9285714285714286,0.5204081632653061,0.7144999999999999,0.003702026472082557
0.9285714285714286,0.5306122448979592,0.7125999999999999,0.0046566082076979565
0.9285714285714286,0.5408163265306123,0.705,0.003249615361854378
0.9285714285714286,0.5510204081632653,0.7052999999999999,0.003408958785318476
0.9285714285714286,0.5612244897959183,0.6883999999999999,0.0072072186035945845
0.9285714285714286,0.5714285714285714,0.6618,0.010005798318974852
0.9285714285714286,0.5816326530612245,0.6588,0.005668862319725189
0.9285714285714286,0.5918367346938775,0.6380000000000001,0.006800000000000006
0.9285714285714286,0.6020408163265306,0.6252,0.007394322146079387
0.9285714285714286,0.6122448979591837,0.6205999999999999,0.007438010486682584
0.9285714285714286,0.6224489795918368,0.6066999999999999,0.0070612321870902935
0.9285714285714286,0.6326530612244898,0.5922999999999999,0.00688483841495209
0.9285714285714286,0.6428571428571428,0.5769,0.00866769865650623
0.9285714285714286,0.653061224489796,0.5479,0.0051292299616999
0.9285714285714286,0.6632653061224489,0.5407,0.006166117092628063
0.9285714285714286,0.6734693877551021,0.5215000000000001,0.004273757129271623
0.9285714285714286,0.6836734693877551,0.5161,0.004850670056806589
0.9285714285714286,0.6938775510204082,0.5073000000000001,0.006359323863430771
0.9285714285714286,0.7040816326530612,0.49240000000000006,0.005177257961508197
0.9285714285714286,0.7142857142857143,0.4911,0.004271884829908223
0.9285714285714286,0.7244897959183674,0.47929999999999995,0.002661014844002188
0.9285714285714286,0.7346938775510204,0.4798,0.004753525007823142
0.9285714285714286,0.7448979591836735,0.46419999999999995,0.004323887140062744
0.9285714285714286,0.7551020408163265,0.45359999999999995,0.006335929292534757
0.9285714285714286,0.7653061224489797,0.4526,0.0032655780499017345
0.9285714285714286,0.7755102040816326,0.44559999999999994,0.003899230693354779
0.9285714285714286,0.7857142857142857,0.4271,0.004710520141130914
0.9285714285714286,0.7959183673469388,0.42560000000000003,0.004508214724256156
0.9285714285714286,0.8061224489795918,0.4204,0.004377670613465564
0.9285714285714286,0.8163265306122449,0.4044,0.00295025422633372
0.9285714285714286,0.826530612244898,0.40020000000000006,0.003722364839722186
0.9285714285714286,0.8367346938775511,0.3886,0.004669475345260965
0.9285714285714286,0.8469387755102041,0.39119999999999994,0.0025876630383417374
0.9285714285714286,0.8571428571428572,0.37620000000000003,0.0032335738742141048
0.9285714285714286,0.8673469387755102,0.3713000000000001,0.003685240833378468
0.9285714285714286,0.8775510204081634,0.36429999999999996,0.0033348163367717893
0.9285714285714286,0.8877551020408163,0.3569,0.004620497808678193
0.9285714285714286,0.8979591836734695,0.34579999999999994,0.0033039370454050684
0.9285714285714286,0.9081632653061225,0.33230000000000004,0.0037524658559405935
0.9285714285714286,0.9183673469387755,0.3324,0.002084226475218083
0.9285714285714286,0.9285714285714286,0.3202,0.0023443549219348183
0.9387755102040816,0.5,0.7173999999999999,0.0021033306920215868
0.9387755102040816,0.5102040816326531,0.7252,0.004242169256406448
0.9387755102040816,0.5204081632653061,0.7184999999999999,0.0032992423372647265
0.9387755102040816,0.5306122448979592,0.715,0.003228002478313797
0.9387755102040816,0.5408163265306123,0.7051,0.0022603097132915233
0.9387755102040816,0.5510204081632653,0.7069,0.004276564041377138
0.9387755102040816,0.5612244897959183,0.6964,0.004833632174669467
0.9387755102040816,0.5714285714285714,0.6873,0.005990075124737575
0.9387755102040816,0.5816326530612245,0.661,0.0060497933849016665
0.9387755102040816,0.5918367346938775,0.6653,0.004711793713650889
0.9387755102040816,0.6020408163265306,0.6483,0.004496776623315865
0.9387755102040816,0.6122448979591837,0.6266999999999999,0.007885493009317813
0.9387755102040816,0.6224489795918368,0.6033,0.006505459245894948
0.9387755102040816,0.6326530612244898,0.5951000000000002,0.005647034620046175
0.9387755102040816,0.6428571428571428,0.5705,0.004602716589146015
0.9387755102040816,0.6530612244897959,0.5699,0.007615050886238379
0.9387755102040816,0.6632653061224489,0.5645,0.006114327436439752
0.9387755102040816,0.673469387755102,0.53,0.0052763623833091645
0.9387755102040816,0.6836734693877551,0.5189,0.0050108881448302205
0.9387755102040816,0.6938775510204082,0.5282000000000001,0.0035065652710309014
0.9387755102040816,0.7040816326530612,0.5085999999999999,0.002328948260481544
0.9387755102040816,0.7142857142857142,0.5018,0.005061225148123723
0.9387755102040816,0.7244897959183674,0.49219999999999997,0.0039058929836850403
0.9387755102040816,0.7346938775510203,0.47780000000000006,0.005847734604100975
0.9387755102040816,0.7448979591836734,0.475,0.004268489194082607
0.9387755102040816,0.7551020408163265,0.4702,0.004011982053798343
0.9387755102040816,0.7653061224489796,0.4546,0.00304039471121761
0.9387755102040816,0.7755102040816326,0.4506,0.0038345795075861973
0.9387755102040816,0.7857142857142857,0.44309999999999994,0.006099918032236174
0.9387755102040816,0.7959183673469388,0.4306,0.0031407005587925784
0.9387755102040816,0.8061224489795917,0.41850000000000004,0.003957903485432657
0.9387755102040816,0.8163265306122448,0.41489999999999994,0.0032045280463743756
0.9387755102040816,0.8265306122448979,0.4143,0.0025457808232446067
0.9387755102040816,0.8367346938775511,0.3965,0.003603470549345448
0.9387755102040816,0.846938775510204,0.3889,0.0024390571949013434
0.9387755102040816,0.8571428571428571,0.38830000000000003,0.0036140005534033882
0.9387755102040816,0.8673469387755102,0.38730000000000003,0.004532218000052514
0.9387755102040816,0.8775510204081631,0.36880000000000007,0.0028663565723754635
0.9387755102040816,0.8877551020408163,0.3672,0.002887213189218977
0.9387755102040816,0.8979591836734693,0.36769999999999997,0.004101341244032249
0.9387755102040816,0.9081632653061225,0.3502,0.003621601855532986
0.9387755102040816,0.9183673469387754,0.34030000000000005,0.002181971585516176
0.9387755102040816,0.9285714285714285,0.3304,0.003600555512695228
0.9387755102040816,0.9387755102040816,0.3244,0.002333238093294383
0.9489795918367347,0.5,0.7241,0.0036123399618529844
0.9489795918367347,0.5102040816326531,0.7259,0.0023171102692793903
0.9489795918367347,0.5204081632653061,0.7231000000000001,0.0023300214591286516
0.9489795918367347,0.5306122448979592,0.7139999999999999,0.0037576588456111905
0.9489795918367347,0.5408163265306123,0.7101999999999999,0.0038750483867946764
0.9489795918367347,0.5510204081632653,0.7111000000000001,0.004003623358908781
0.9489795918367347,0.5612244897959183,0.6900999999999999,0.006306266724457497
0.9489795918367347,0.5714285714285714,0.6886,0.0062995237915258245
0.9489795918367347,0.5816326530612245,0.6733,0.0072402348028223484
0.9489795918367347,0.5918367346938775,0.659,0.0064482555780614025
0.9489795918367347,0.6020408163265306,0.6524,0.0062836295244070575
0.9489795918367347,0.6122448979591837,0.642,0.007803845206050675
0.9489795918367347,0.6224489795918368,0.6184999999999999,0.005781435807824909
0.9489795918367347,0.6326530612244898,0.6165999999999998,0.00494813096027177
0.9489795918367347,0.6428571428571429,0.5919,0.006465987936889465
0.9489795918367347,0.653061224489796,0.5815999999999999,0.006161493325485304
0.9489795918367347,0.6632653061224489,0.5647,0.004858086042877369
0.9489795918367347,0.6734693877551021,0.5521,0.007419501330952094
0.9489795918367347,0.6836734693877551,0.5467000000000001,0.006542247320302094
0.9489795918367347,0.6938775510204082,0.5228999999999999,0.004011109572175762
0.9489795918367347,0.7040816326530612,0.5204,0.00447258314623664
0.9489795918367347,0.7142857142857143,0.5126999999999999,0.0035186645193880047
0.9489795918367347,0.7244897959183674,0.5021,0.004466430342006918
0.9489795918367347,0.7346938775510204,0.49119999999999997,0.0035179539508072045
0.9489795918367347,0.7448979591836735,0.48390000000000005,0.003672737398725916
0.9489795918367347,0.7551020408163266,0.4729,0.0059890733840887245
0.9489795918367347,0.7653061224489797,0.4692,0.004780794912982564
0.9489795918367347,0.7755102040816326,0.4648,0.00533254160790143
0.9489795918367347,0.7857142857142858,0.45919999999999994,0.004569026154444728
0.9489795918367347,0.7959183673469388,0.4455,0.0038762094886628648
0.9489795918367347,0.8061224489795918,0.4383,0.005031997615261757
0.9489795918367347,0.8163265306122449,0.4321,0.005595444575724078
0.9489795918367347,0.826530612244898,0.42510000000000003,0.004369096016340223
0.9489795918367347,0.8367346938775511,0.41129999999999994,0.0044046566267985044
0.9489795918367347,0.8469387755102041,0.41220000000000007,0.004185212061532841
0.9489795918367347,0.8571428571428572,0.4064,0.0029332575747792714
0.9489795918367347,0.8673469387755103,0.3896,0.003763509000919222
0.9489795918367347,0.8775510204081634,0.3799,0.0031319323108905174
0.9489795918367347,0.8877551020408163,0.3799,0.004217700795457164
0.9489795918367347,0.8979591836734695,0.3717,0.0024578445841834692
0.9489795918367347,0.9081632653061225,0.35810000000000003,0.004805101455744716
0.9489795918367347,0.9183673469387755,0.3504,0.0030039973368829725
0.9489795918367347,0.9285714285714286,0.3488,0.003068550146241704
0.9489795918367347,0.9387755102040817,0.33680000000000004,0.0030783112253311854
0.9489795918367347,0.9489795918367347,0.32480000000000003,0.0020337158110217872
0.9591836734693877,0.5,0.7288000000000001,0.002675070092539635
0.9591836734693877,0.5102040816326531,0.7185999999999999,0.002779208520424478
0.9591836734693877,0.5204081632653061,0.7197,0.0022893230440459923
0.9591836734693877,0.5306122448979592,0.7193999999999999,0.0034790803382503286
0.9591836734693877,0.5408163265306123,0.7119,0.0038456468896662923
0.9591836734693877,0.5510204081632653,0.7138000000000001,0.0049108044147573165
0.9591836734693877,0.5612244897959183,0.7091000000000001,0.003788007391756255
0.9591836734693877,0.5714285714285714,0.6879,0.00484448139639321
0.9591836734693877,0.5816326530612245,0.6852999999999999,0.006120539191933982
0.9591836734693877,0.5918367346938775,0.668,0.007842193570679055
0.9591836734693877,0.6020408163265306,0.6609,0.0047485787347373715
0.9591836734693877,0.6122448979591837,0.6496999999999999,0.0038263559688037426
0.9591836734693877,0.6224489795918368,0.6334000000000001,0.007511591043181205
0.9591836734693877,0.6326530612244898,0.6148,0.005399629616927447
0.9591836734693877,0.6428571428571428,0.6051,0.005631074497820115
0.9591836734693877,0.6530612244897959,0.5884,0.006760473356208123
0.9591836734693877,0.6632653061224489,0.5719000000000001,0.00300149962518738
0.9591836734693877,0.673469387755102,0.5771999999999999,0.008911565519031989
0.9591836734693877,0.6836734693877551,0.5494,0.005896100406200688
0.9591836734693877,0.6938775510204082,0.5348999999999999,0.006636942066946194
0.9591836734693877,0.7040816326530612,0.5349,0.005404535132645542
0.9591836734693877,0.7142857142857143,0.5241,0.004590098038168688
0.9591836734693877,0.7244897959183674,0.5076999999999999,0.003977562067397569
0.9591836734693877,0.7346938775510203,0.49939999999999996,0.004868675384537363
0.9591836734693877,0.7448979591836734,0.49689999999999995,0.0038844562038977894
0.9591836734693877,0.7551020408163265,0.48839999999999995,0.005018366268019903
0.9591836734693877,0.7653061224489796,0.47879999999999995,0.00432851013629401
0.9591836734693877,0.7755102040816326,0.46900000000000003,0.0029799328851502632
0.9591836734693877,0.7857142857142857,0.46209999999999996,0.0030836666486505934
0.9591836734693877,0.7959183673469388,0.45309999999999995,0.004357636974324503
0.9591836734693877,0.8061224489795917,0.45039999999999997,0.002462519035459424
0.9591836734693877,0.8163265306122449,0.437,0.004489988864128733
0.9591836734693877,0.8265306122448979,0.43599999999999994,0.0057113921245174545
0.9591836734693877,0.836734693877551,0.4344,0.0026007691170113526
0.9591836734693877,0.846938775510204,0.42140000000000005,0.006885056281541931
0.9591836734693877,0.8571428571428571,0.41889999999999994,0.004053270284597363
0.9591836734693877,0.8673469387755102,0.40540000000000004,0.0030205959676858434
0.9591836734693877,0.8775510204081631,0.39300000000000007,0.004037325847637268
0.9591836734693877,0.8877551020408163,0.38899999999999996,0.004312771730569569
0.9591836734693877,0.8979591836734694,0.3871,0.0019618868468900047
0.9591836734693877,0.9081632653061225,0.3705,0.003421257078911203
0.9591836734693877,0.9183673469387754,0.36649999999999994,0.00445926002830066
0.9591836734693877,0.9285714285714286,0.363,0.0025651510676761337
0.9591836734693877,0.9387755102040816,0.34769999999999995,0.002959898646913433
0.9591836734693877,0.9489795918367346,0.34279999999999994,0.0028488594208911
0.9591836734693877,0.9591836734693877,0.33310000000000006,0.003502713234051568
0.9693877551020409,0.5,0.7252000000000001,0.0011899579824514823
0.9693877551020409,0.5102040816326531,0.7284999999999999,0.0023505318547086336
0.9693877551020409,0.5204081632653061,0.7218,0.0033549962742155204
0.9693877551020409,0.5306122448979592,0.7187999999999999,0.003503712316957547
0.9693877551020409,0.5408163265306123,0.7179,0.0023935329536064484
0.9693877551020409,0.5510204081632654,0.7165999999999999,0.0030239047604049994
0.9693877551020409,0.5612244897959183,0.7094000000000001,0.0021688706738761552
0.9693877551020409,0.5714285714285714,0.6942000000000002,0.004480624956409532
0.9693877551020409,0.5816326530612245,0.6905,0.005070009861923339
0.9693877551020409,0.5918367346938775,0.6714,0.0044118023527805455
0.9693877551020409,0.6020408163265306,0.6683999999999999,0.005190761023202667
0.9693877551020409,0.6122448979591837,0.6675,0.005945166103650928
0.9693877551020409,0.6224489795918368,0.6507000000000001,0.00444983145748241
0.9693877551020409,0.6326530612244898,0.6397,0.00429662658372822
0.9693877551020409,0.6428571428571429,0.6239,0.006859227361736894
0.9693877551020409,0.653061224489796,0.6052,0.004388165903882854
0.9693877551020409,0.6632653061224489,0.5875,0.006863308240200203
0.9693877551020409,0.6734693877551021,0.5737999999999999,0.006774658662988111
0.9693877551020409,0.6836734693877551,0.5596,0.006088021024930832
0.9693877551020409,0.6938775510204082,0.5502,0.004770324936521611
0.9693877551020409,0.7040816326530612,0.5497,0.003924410783799265
0.9693877551020409,0.7142857142857143,0.5362,0.004818298454848977
0.9693877551020409,0.7244897959183674,0.5299,0.005950546193417876
0.9693877551020409,0.7346938775510204,0.5178,0.0034577449298639745
0.9693877551020409,0.7448979591836735,0.5048999999999999,0.003637169228947152
0.9693877551020409,0.7551020408163265,0.5051,0.005821425942155415
0.9693877551020409,0.7653061224489797,0.49589999999999995,0.003637169228947152
0.9693877551020409,0.7755102040816327,0.4868,0.005511442642357806
0.9693877551020409,0.7857142857142858,0.47829999999999995,0.002894995682207487
0.9693877551020409,0.7959183673469388,0.4741999999999999,0.002614574535177755
0.9693877551020409,0.806122448979592,0.4647,0.0033046936317909976
0.9693877551020409,0.8163265306122449,0.4513,0.003836795537945695
0.9693877551020409,0.826530612244898,0.45489999999999997,0.0034998571399415686
0.9693877551020409,0.8367346938775511,0.44140000000000007,0.0036474648730316817
0.9693877551020409,0.8469387755102041,0.43179999999999996,0.0024033310217279704
0.9693877551020409,0.8571428571428572,0.4264,0.0037899868073649006
0.9693877551020409,0.8673469387755103,0.41319999999999996,0.0018963122105813684
0.9693877551020409,0.8775510204081634,0.4135,0.005255949010407156
0.9693877551020409,0.8877551020408163,0.40499999999999997,0.003627671429443406
0.9693877551020409,0.8979591836734695,0.4,0.0038105117766515264
0.9693877551020409,0.9081632653061225,0.38580000000000003,0.004166053288185357
0.9693877551020409,0.9183673469387756,0.3862,0.0035490843889656974
0.9693877551020409,0.9285714285714286,0.3759,0.0031510315771188357
0.9693877551020409,0.9387755102040818,0.36430000000000007,0.0023110603626906867
0.9693877551020409,0.9489795918367347,0.3557,0.002832137002335871
0.9693877551020409,0.9591836734693878,0.3418,0.0021297887219158566
0.9693877551020409,0.9693877551020409,0.33249999999999996,0.002772183255125821
0.9795918367346939,0.5,0.7313999999999999,0.0023246505113672486
0.9795918367346939,0.5102040816326531,0.7283000000000001,0.0017265572680916221
0.9795918367346939,0.5204081632653061,0.725,0.002561249694973142
0.9795918367346939,0.5306122448979592,0.7247,0.0017323394586512208
0.9795918367346939,0.5408163265306123,0.721,0.0021954498400100168
0.9795918367346939,0.5510204081632653,0.7148999999999999,0.00373751254178498
0.9795918367346939,0.5612244897959183,0.7055,0.0028222331583340195
0.9795918367346939,0.5714285714285714,0.7057,0.004400113634896261
0.9795918367346939,0.5816326530612245,0.6809999999999999,0.0025337718918639813
0.9795918367346939,0.5918367346938775,0.6829000000000001,0.00332099382715475
0.9795918367346939,0.6020408163265306,0.6753,0.0034584678688691006
0.9795918367346939,0.6122448979591837,0.6620999999999999,0.005687618130641337
0.9795918367346939,0.6224489795918368,0.6556,0.006665133156959431
0.9795918367346939,0.6326530612244898,0.6388,0.0061802912552726885
0.9795918367346939,0.6428571428571428,0.6376000000000001,0.003868332974292677
0.9795918367346939,0.653061224489796,0.6212000000000001,0.007798461386709568
0.9795918367346939,0.6632653061224489,0.6146,0.00571874112021169
0.9795918367346939,0.673469387755102,0.5987000000000001,0.005282139717955219
0.9795918367346939,0.6836734693877551,0.5922,0.0035122642269624334
0.9795918367346939,0.6938775510204082,0.5761,0.0038326231226145876
0.9795918367346939,0.7040816326530612,0.5629,0.004687109983774639
0.9795918367346939,0.7142857142857143,0.5517000000000001,0.004242758536612698
0.9795918367346939,0.7244897959183674,0.5497,0.003243609100986119
0.9795918367346939,0.7346938775510203,0.5394,0.006195482224976516
0.9795918367346939,0.7448979591836734,0.5244,0.004944087377868643
0.9795918367346939,0.7551020408163265,0.5216000000000001,0.0057761578925787736
0.9795918367346939,0.7653061224489797,0.5125,0.004297092039973084
0.9795918367346939,0.7755102040816326,0.49890000000000007,0.004255467071897047
0.9795918367346939,0.7857142857142857,0.49300000000000005,0.005005996404313532
0.9795918367346939,0.7959183673469388,0.48979999999999996,0.003604996532591955
0.9795918367346939,0.8061224489795918,0.4765999999999999,0.0034386043680539897
0.9795918367346939,0.8163265306122449,0.47570000000000007,0.004123226891646878
0.9795918367346939,0.8265306122448979,0.4603,0.0036525333674040515
0.9795918367346939,0.8367346938775511,0.4513,0.0021215560327269246
0.9795918367346939,0.846938775510204,0.45120000000000005,0.0030258882993263307
0.9795918367346939,0.8571428571428571,0.4459000000000001,0.002954488111331642
0.9795918367346939,0.8673469387755102,0.4433000000000001,0.0029801006694405497
0.9795918367346939,0.8775510204081632,0.43199999999999994,0.0022360679774997916
0.9795918367346939,0.8877551020408163,0.4223,0.0028880789462893868
0.9795918367346939,0.8979591836734693,0.4191999999999999,0.002357116882973776
0.9795918367346939,0.9081632653061225,0.4074000000000001,0.0029058561561095837
0.9795918367346939,0.9183673469387755,0.4023,0.00363056469436918
0.9795918367346939,0.9285714285714286,0.39370000000000005,0.0029224989307098125
0.9795918367346939,0.9387755102040816,0.3839,0.0027729046142988783
0.9795918367346939,0.9489795918367347,0.37910000000000005,0.002385162468260812
0.9795918367346939,0.9591836734693877,0.3679,0.0027035162289137478
0.9795918367346939,0.9693877551020408,0.3484,0.002665332999833226
0.9795918367346939,0.9795918367346939,0.34400000000000003,0.0020297783130184383
0.9897959183673469,0.5,0.73,0.0025884358211089586
0.9897959183673469,0.5102040816326531,0.7299999999999999,0.002584569596664019
0.9897959183673469,0.5204081632653061,0.7293999999999998,0.002232487401980134
0.9897959183673469,0.5306122448979592,0.7306000000000001,0.002779208520424478
0.9897959183673469,0.5408163265306123,0.7269999999999999,0.002880972058177589
0.9897959183673469,0.5510204081632653,0.7163999999999999,0.0032899848023965122
0.9897959183673469,0.5612244897959183,0.716,0.0028390139133156805
0.9897959183673469,0.5714285714285714,0.7085999999999999,0.003320240955111544
0.9897959183673469,0.5816326530612245,0.6998,0.0027342274960214965
0.9897959183673469,0.5918367346938775,0.6974,0.002585343304089417
0.9897959183673469,0.6020408163265306,0.6782,0.003966862740252044
0.9897959183673469,0.6122448979591837,0.6797000000000001,0.004333705112256708
0.9897959183673469,0.6224489795918368,0.6641,0.0035112675773856968
0.9897959183673469,0.6326530612244898,0.6613,0.0032001562461854917
0.9897959183673469,0.6428571428571428,0.6586000000000001,0.0029772470505485455
0.9897959183673469,0.653061224489796,0.6409,0.00337475925067256
0.9897959183673469,0.6632653061224489,0.6371,0.004401022608440001
0.9897959183673469,0.673469387755102,0.6186999999999999,0.0036222920920323393
0.9897959183673469,0.6836734693877551,0.6123,0.004662724525425026
0.9897959183673469,0.6938775510204082,0.6013,0.004870420926367663
0.9897959183673469,0.7040816326530612,0.5978,0.0035179539508072054
0.9897959183673469,0.7142857142857143,0.5841000000000001,0.00476119732840385
0.9897959183673469,0.7244897959183674,0.5671,0.0036781788972261717
0.9897959183673469,0.7346938775510204,0.5588,0.004149216793564769
0.9897959183673469,0.7448979591836735,0.5479,0.0022425431991379805
0.9897959183673469,0.7551020408163265,0.5358,0.002270682716717597
0.9897959183673469,0.7653061224489796,0.5303000000000001,0.00406706282223425
0.9897959183673469,0.7755102040816326,0.5293,0.0031687536982226965
0.9897959183673469,0.7857142857142857,0.5211,0.0039735374667920305
0.9897959183673469,0.7959183673469388,0.5138999999999999,0.006544386907877626
0.9897959183673469,0.8061224489795918,0.49380000000000007,0.003563144678510827
0.9897959183673469,0.8163265306122449,0.4936999999999999,0.0024456083087853646
0.9897959183673469,0.8265306122448979,0.48949999999999994,0.003581200915893996
0.9897959183673469,0.8367346938775511,0.48069999999999996,0.0051711700803589895
0.9897959183673469,0.846938775510204,0.4734,0.004157403035549953
0.9897959183673469,0.8571428571428571,0.4639000000000001,0.0022735434897973644
0.9897959183673469,0.8673469387755102,0.4579,0.0029713633234594522
0.9897959183673469,0.8775510204081634,0.4545,0.0015182226450688987
0.9897959183673469,0.8877551020408163,0.4431,0.0021421951358361374
0.9897959183673469,0.8979591836734694,0.4434,0.00331119313843213
0.9897959183673469,0.9081632653061225,0.43220000000000003,0.0024527535546809446
0.9897959183673469,0.9183673469387754,0.42829999999999996,0.003619530356275524
0.9897959183673469,0.9285714285714286,0.41889999999999994,0.0018785632808079706
0.9897959183673469,0.9387755102040816,0.40730000000000005,0.002853243768064687
0.9897959183673469,0.9489795918367347,0.39910000000000007,0.002681231060539166
0.9897959183673469,0.9591836734693877,0.38839999999999997,0.0017274258305351362
0.9897959183673469,0.9693877551020409,0.3779,0.003330015014981167
0.9897959183673469,0.9795918367346939,0.3627,0.0030856117707838736
0.9897959183673469,0.9897959183673469,0.34629999999999994,0.0021635618780150414
1.0,0.5,0.7294999999999999,0.0027540878707840843
1.0,0.5102040816326531,0.7318,0.0017308957218735057
1.0,0.5204081632653061,0.7306,0.002045482828087297
1.0,0.5306122448979592,0.7295999999999999,0.0027393429869222315
1.0,0.5408163265306123,0.7319,0.0017913681921927734
1.0,0.5510204081632653,0.7161,0.003938146772277542
1.0,0.5612244897959183,0.7126999999999999,0.003701486188006113
1.0,0.5714285714285714,0.7024999999999999,0.0016201851746019665
1.0,0.5816326530612245,0.7047,0.0021356497840235903
1.0,0.5918367346938775,0.6904,0.0028781938781117463
1.0,0.6020408163265306,0.6906000000000001,0.003639230687933909
1.0,0.6122448979591837,0.6887000000000001,0.0057862768685917445
1.0,0.6224489795918368,0.6763000000000001,0.002966647940015799
1.0,0.6326530612244898,0.6661,0.0025824407059988836
1.0,0.6428571428571428,0.6626000000000001,0.004271299568047181
1.0,0.653061224489796,0.6611,0.002899827581081333
1.0,0.6632653061224489,0.6550000000000001,0.0026758176320519325
1.0,0.673469387755102,0.6455,0.001790251378996817
1.0,0.6836734693877551,0.6458,0.001592482338991552
1.0,0.6938775510204082,0.64,0.002209072203437454
1.0,0.7040816326530612,0.6368,0.002257432169523596
1.0,0.7142857142857143,0.6295,0.0022549944567559384
1.0,0.7244897959183674,0.6281999999999999,0.001793320941716793
1.0,0.7346938775510204,0.6145,0.0028044607324760338
1.0,0.7448979591836735,0.6101000000000001,0.002255881202545916
1.0,0.7551020408163265,0.5972,0.0015414279094398164
1.0,0.7653061224489797,0.5921,0.00312873776465846
1.0,0.7755102040816326,0.5909,0.003827401207085563
1.0,0.7857142857142857,0.5816,0.003516248000354927
1.0,0.7959183673469388,0.5774,0.0028432375911977494
1.0,0.8061224489795918,0.5706,0.002684026825499319
1.0,0.8163265306122449,0.5576000000000001,0.002196360626126765
1.0,0.8265306122448979,0.5523,0.0023067292862405868
1.0,0.8367346938775511,0.5453000000000001,0.002425077318355027
1.0,0.846938775510204,0.5408,0.00241163844719726
1.0,0.8571428571428572,0.5385,0.0029163333142835394
1.0,0.8673469387755102,0.5255000000000001,0.0014089002803605382
1.0,0.8775510204081632,0.525,0.0027202941017470906
1.0,0.8877551020408163,0.5181,0.002688679973518606
1.0,0.8979591836734694,0.5165,0.0019455076458343736
1.0,0.9081632653061225,0.5119999999999999,0.001923538406167136
1.0,0.9183673469387755,0.5049,0.0015261061562027735
1.0,0.9285714285714286,0.5016,0.0013431306712304663
1.0,0.9387755102040816,0.4967,0.0011140017953306907
1.0,0.9489795918367347,0.4899,0.0013300375934536598
1.0,0.9591836734693877,0.4848,0.0012553883861180185
1.0,0.9693877551020409,0.4794999999999999,0.0017044060549059323
1.0,0.9795918367346939,0.46670000000000006,0.0012087183294713399
1.0,0.9897959183673469,0.4579,0.0007134423592694793
1.0,1.0,0.3883,0.0002846049894151544
