#Time elapsed: 10089.8490087986
#alpha: 0.27, px1: 0.25, px2: 0.25, T max: 2000, n realizations: 10, n nodes: 1000, p: 1, ns: 50
#s1_s2_x_errx
0.5,nan,0.34130000000000005,0.0019237983262286036
0.5102040816326531,0.5,1.0,0.0
0.5102040816326531,0.5102040816326531,0.0,0.0
0.5204081632653061,0.5,1.0,0.0
0.5204081632653061,0.5102040816326531,0.0,0.0
0.5204081632653061,0.5204081632653061,0.0,0.0
0.5306122448979592,0.5,1.0,0.0
0.5306122448979592,0.5102040816326531,0.9158999999999999,0.056304964257159404
0.5306122448979592,0.5204081632653061,0.0,0.0
0.5306122448979592,0.5306122448979592,0.0,0.0
0.5408163265306123,0.5,1.0,0.0
0.5408163265306123,0.5102040816326531,1.0,0.0
0.5408163265306123,0.5204081632653061,0.0,0.0
0.5408163265306123,0.5306122448979592,0.0,0.0
0.5408163265306123,0.5408163265306123,0.0,0.0
0.5510204081632653,0.5,1.0,0.0
0.5510204081632653,0.5102040816326531,1.0,0.0
0.5510204081632653,0.5204081632653061,0.0412,0.017028094432437236
0.5510204081632653,0.5306122448979591,0.0,0.0
0.5510204081632653,0.5408163265306122,0.0,0.0
0.5510204081632653,0.5510204081632653,0.0,0.0
0.5612244897959183,0.5,1.0,0.0
0.5612244897959183,0.5102040816326531,1.0,0.0
0.5612244897959183,0.5204081632653061,0.9461,0.034548646862069717
0.5612244897959183,0.5306122448979591,0.0,0.0
0.5612244897959183,0.5408163265306122,0.0,0.0
0.5612244897959183,0.5510204081632653,0.0,0.0
0.5612244897959183,0.5612244897959183,0.0,0.0
0.5714285714285714,0.5,1.0,0.0
0.5714285714285714,0.5102040816326531,1.0,0.0
0.5714285714285714,0.5204081632653061,1.0,0.0
0.5714285714285714,0.5306122448979592,0.05900000000000001,0.030338424481175682
0.5714285714285714,0.5408163265306122,0.0,0.0
0.5714285714285714,0.5510204081632653,0.0,0.0
0.5714285714285714,0.5612244897959183,0.0,0.0
0.5714285714285714,0.5714285714285714,0.0,0.0
0.5816326530612245,0.5,1.0,0.0
0.5816326530612245,0.5102040816326531,1.0,0.0
0.5816326530612245,0.5204081632653061,1.0,0.0
0.5816326530612245,0.5306122448979592,0.44400000000000006,0.03577121747997962
0.5816326530612245,0.5408163265306123,0.0,0.0
0.5816326530612245,0.5510204081632653,0.0,0.0
0.5816326530612245,0.5612244897959183,0.0,0.0
0.5816326530612245,0.5714285714285714,0.0,0.0
0.5816326530612245,0.5816326530612245,0.0,0.0
0.5918367346938775,0.5,1.0,0.0
0.5918367346938775,0.5102040816326531,1.0,0.0
0.5918367346938775,0.5204081632653061,1.0,0.0
0.5918367346938775,0.5306122448979592,0.8629,0.04543246636492454
0.5918367346938775,0.5408163265306123,0.0206,0.019542875939840578
0.5918367346938775,0.5510204081632653,0.0,0.0
0.5918367346938775,0.5612244897959183,0.0,0.0
0.5918367346938775,0.5714285714285714,0.0,0.0
0.5918367346938775,0.5816326530612245,0.0,0.0
0.5918367346938775,0.5918367346938775,0.0,0.0
0.6020408163265306,0.5,1.0,0.0
0.6020408163265306,0.5102040816326531,1.0,0.0
0.6020408163265306,0.5204081632653061,1.0,0.0
0.6020408163265306,0.5306122448979592,0.9615,0.03652430697494478
0.6020408163265306,0.5408163265306123,0.35869999999999996,0.028448216112789918
0.6020408163265306,0.5510204081632653,0.0,0.0
0.6020408163265306,0.5612244897959183,0.0,0.0
0.6020408163265306,0.5714285714285714,0.0,0.0
0.6020408163265306,0.5816326530612245,0.0,0.0
0.6020408163265306,0.5918367346938775,0.0,0.0
0.6020408163265306,0.6020408163265306,0.0,0.0
0.6122448979591837,0.5,1.0,0.0
0.6122448979591837,0.5102040816326531,1.0,0.0
0.6122448979591837,0.5204081632653061,1.0,0.0
0.6122448979591837,0.5306122448979592,1.0,0.0
0.6122448979591837,0.5408163265306123,0.556,0.027137428028462827
0.6122448979591837,0.5510204081632653,0.1152,0.03063749337005232
0.6122448979591837,0.5612244897959183,0.0,0.0
0.6122448979591837,0.5714285714285714,0.0,0.0
0.6122448979591837,0.5816326530612245,0.0,0.0
0.6122448979591837,0.5918367346938775,0.0,0.0
0.6122448979591837,0.6020408163265306,0.0,0.0
0.6122448979591837,0.6122448979591837,0.0,0.0
0.6224489795918368,0.5,1.0,0.0
0.6224489795918368,0.5102040816326531,1.0,0.0
0.6224489795918368,0.5204081632653061,1.0,0.0
0.6224489795918368,0.5306122448979592,1.0,0.0
0.6224489795918368,0.5408163265306123,0.7675000000000001,0.04228835537118936
0.6224489795918368,0.5510204081632654,0.29219999999999996,0.02455760574648921
0.6224489795918368,0.5612244897959184,0.0,0.0
0.6224489795918368,0.5714285714285714,0.0,0.0
0.6224489795918368,0.5816326530612245,0.0,0.0
0.6224489795918368,0.5918367346938775,0.0,0.0
0.6224489795918368,0.6020408163265306,0.0,0.0
0.6224489795918368,0.6122448979591837,0.0,0.0
0.6224489795918368,0.6224489795918368,0.0,0.0
0.6326530612244898,0.5,1.0,0.0
0.6326530612244898,0.5102040816326531,1.0,0.0
0.6326530612244898,0.5204081632653061,1.0,0.0
0.6326530612244898,0.5306122448979592,1.0,0.0
0.6326530612244898,0.5408163265306123,0.8123999999999999,0.05050568284856666
0.6326530612244898,0.5510204081632654,0.47220000000000006,0.025126002467563358
0.6326530612244898,0.5612244897959184,0.1264,0.029942010620531145
0.6326530612244898,0.5714285714285714,0.0,0.0
0.6326530612244898,0.5816326530612245,0.0,0.0
0.6326530612244898,0.5918367346938775,0.0,0.0
0.6326530612244898,0.6020408163265306,0.0,0.0
0.6326530612244898,0.6122448979591837,0.0,0.0
0.6326530612244898,0.6224489795918368,0.0,0.0
0.6326530612244898,0.6326530612244898,0.0,0.0
0.6428571428571428,0.5,1.0,0.0
0.6428571428571428,0.5102040816326531,1.0,0.0
0.6428571428571428,0.5204081632653061,1.0,0.0
0.6428571428571428,0.5306122448979592,1.0,0.0
0.6428571428571428,0.5408163265306122,0.9757,0.02305300414262748
0.6428571428571428,0.5510204081632653,0.5721,0.02482879376852609
0.6428571428571428,0.5612244897959183,0.3151,0.02193510884404269
0.6428571428571428,0.5714285714285714,0.0947,0.02215448035951193
0.6428571428571428,0.5816326530612245,0.0,0.0
0.6428571428571428,0.5918367346938775,0.0,0.0
0.6428571428571428,0.6020408163265306,0.0,0.0
0.6428571428571428,0.6122448979591836,0.0,0.0
0.6428571428571428,0.6224489795918366,0.0,0.0
0.6428571428571428,0.6326530612244897,0.0,0.0
0.6428571428571428,0.6428571428571428,0.0,0.0
0.653061224489796,0.5,1.0,0.0
0.653061224489796,0.5102040816326531,1.0,0.0
0.653061224489796,0.5204081632653061,1.0,0.0
0.653061224489796,0.5306122448979592,1.0,0.0
0.653061224489796,0.5408163265306123,1.0,0.0
0.653061224489796,0.5510204081632654,0.6204000000000001,0.024464341397225472
0.653061224489796,0.5612244897959184,0.37489999999999996,0.021810754228132504
0.653061224489796,0.5714285714285714,0.25620000000000004,0.02167800728849402
0.653061224489796,0.5816326530612246,0.029500000000000005,0.01890357109119862
0.653061224489796,0.5918367346938775,0.0,0.0
0.653061224489796,0.6020408163265306,0.0,0.0
0.653061224489796,0.6122448979591837,0.0,0.0
0.653061224489796,0.6224489795918368,0.0,0.0
0.653061224489796,0.6326530612244898,0.0,0.0
0.653061224489796,0.6428571428571429,0.0,0.0
0.653061224489796,0.653061224489796,0.0,0.0
0.6632653061224489,0.5,1.0,0.0
0.6632653061224489,0.5102040816326531,1.0,0.0
0.6632653061224489,0.5204081632653061,1.0,0.0
0.6632653061224489,0.5306122448979592,1.0,0.0
0.6632653061224489,0.5408163265306123,1.0,0.0
0.6632653061224489,0.5510204081632653,0.8016,0.04429609463598343
0.6632653061224489,0.5612244897959183,0.47870000000000007,0.02522936780817149
0.6632653061224489,0.5714285714285714,0.32,0.014181678320988668
0.6632653061224489,0.5816326530612245,0.1388,0.02626092153752415
0.6632653061224489,0.5918367346938775,0.0548,0.015434895529286874
0.6632653061224489,0.6020408163265306,0.0,0.0
0.6632653061224489,0.6122448979591837,0.0,0.0
0.6632653061224489,0.6224489795918366,0.0,0.0
0.6632653061224489,0.6326530612244898,0.0,0.0
0.6632653061224489,0.6428571428571428,0.0,0.0
0.6632653061224489,0.6530612244897959,0.0,0.0
0.6632653061224489,0.6632653061224489,0.0,0.0
0.673469387755102,0.5,1.0,0.0
0.673469387755102,0.5102040816326531,1.0,0.0
0.673469387755102,0.5204081632653061,1.0,0.0
0.673469387755102,0.5306122448979592,1.0,0.0
0.673469387755102,0.5408163265306123,1.0,0.0
0.673469387755102,0.5510204081632653,0.8764,0.03783416445489446
0.673469387755102,0.5612244897959183,0.5852,0.018013217369476222
0.673469387755102,0.5714285714285714,0.3533,0.016281308301239188
0.673469387755102,0.5816326530612245,0.2634,0.019256791009926864
0.673469387755102,0.5918367346938775,0.1291,0.022000659081036638
0.673469387755102,0.6020408163265306,0.0052,0.004933153149862671
0.673469387755102,0.6122448979591837,0.0,0.0
0.673469387755102,0.6224489795918368,0.0,0.0
0.673469387755102,0.6326530612244898,0.0,0.0
0.673469387755102,0.6428571428571428,0.0,0.0
0.673469387755102,0.6530612244897959,0.0,0.0
0.673469387755102,0.6632653061224489,0.0,0.0
0.673469387755102,0.673469387755102,0.0,0.0
0.6836734693877551,0.5,1.0,0.0
0.6836734693877551,0.5102040816326531,1.0,0.0
0.6836734693877551,0.5204081632653061,1.0,0.0
0.6836734693877551,0.5306122448979592,1.0,0.0
0.6836734693877551,0.5408163265306123,1.0,0.0
0.6836734693877551,0.5510204081632653,0.9574,0.021087057642070407
0.6836734693877551,0.5612244897959183,0.6466999999999999,0.024624804567752404
0.6836734693877551,0.5714285714285714,0.46979999999999994,0.015475658305868603
0.6836734693877551,0.5816326530612245,0.34009999999999996,0.023066187374596606
0.6836734693877551,0.5918367346938775,0.24730000000000008,0.016221004901053448
0.6836734693877551,0.6020408163265306,0.17300000000000001,0.009311283477587824
0.6836734693877551,0.6122448979591837,0.03949999999999999,0.01737829105522174
0.6836734693877551,0.6224489795918368,0.0,0.0
0.6836734693877551,0.6326530612244898,0.0,0.0
0.6836734693877551,0.6428571428571428,0.0,0.0
0.6836734693877551,0.653061224489796,0.0,0.0
0.6836734693877551,0.6632653061224489,0.0,0.0
0.6836734693877551,0.673469387755102,0.0,0.0
0.6836734693877551,0.6836734693877551,0.0,0.0
0.6938775510204082,0.5,1.0,0.0
0.6938775510204082,0.5102040816326531,1.0,0.0
0.6938775510204082,0.5204081632653061,1.0,0.0
0.6938775510204082,0.5306122448979592,1.0,0.0
0.6938775510204082,0.5408163265306123,1.0,0.0
0.6938775510204082,0.5510204081632653,0.9734,0.01685241822410066
0.6938775510204082,0.5612244897959183,0.6683999999999999,0.01877562249300939
0.6938775510204082,0.5714285714285714,0.5269,0.019415174477712013
0.6938775510204082,0.5816326530612245,0.38189999999999996,0.01980679176444282
0.6938775510204082,0.5918367346938775,0.267,0.016839239887833417
0.6938775510204082,0.6020408163265306,0.19390000000000002,0.01094847021277402
0.6938775510204082,0.6122448979591837,0.127,0.02141027790571622
0.6938775510204082,0.6224489795918368,0.0241,0.015879829973900854
0.6938775510204082,0.6326530612244898,0.0,0.0
0.6938775510204082,0.6428571428571428,0.0,0.0
0.6938775510204082,0.653061224489796,0.0,0.0
0.6938775510204082,0.6632653061224489,0.0,0.0
0.6938775510204082,0.673469387755102,0.0,0.0
0.6938775510204082,0.6836734693877551,0.0,0.0
0.6938775510204082,0.6938775510204082,0.0,0.0
0.7040816326530612,0.5,1.0,0.0
0.7040816326530612,0.5102040816326531,1.0,0.0
0.7040816326530612,0.5204081632653061,1.0,0.0
0.7040816326530612,0.5306122448979592,1.0,0.0
0.7040816326530612,0.5408163265306123,1.0,0.0
0.7040816326530612,0.5510204081632653,1.0,0.0
0.7040816326530612,0.5612244897959183,0.6997,0.02309287768988525
0.7040816326530612,0.5714285714285714,0.5776000000000001,0.01995555060628496
0.7040816326530612,0.5816326530612245,0.4508,0.019797373563177515
0.7040816326530612,0.5918367346938775,0.3447,0.013397798326590825
0.7040816326530612,0.6020408163265306,0.24440000000000003,0.008511404114480758
0.7040816326530612,0.6122448979591837,0.20860000000000004,0.008179486536452028
0.7040816326530612,0.6224489795918368,0.156,0.012812493902437576
0.7040816326530612,0.6326530612244898,0.0915,0.01812029249212054
0.7040816326530612,0.6428571428571428,0.010499999999999999,0.009961174629530395
0.7040816326530612,0.653061224489796,0.0,0.0
0.7040816326530612,0.6632653061224489,0.0,0.0
0.7040816326530612,0.673469387755102,0.0,0.0
0.7040816326530612,0.6836734693877551,0.0,0.0
0.7040816326530612,0.6938775510204082,0.0,0.0
0.7040816326530612,0.7040816326530612,0.0,0.0
0.7142857142857143,0.5,1.0,0.0
0.7142857142857143,0.5102040816326531,1.0,0.0
0.7142857142857143,0.5204081632653061,1.0,0.0
0.7142857142857143,0.5306122448979592,1.0,0.0
0.7142857142857143,0.5408163265306123,1.0,0.0
0.7142857142857143,0.5510204081632653,1.0,0.0
0.7142857142857143,0.5612244897959183,0.7457,0.026365906015155254
0.7142857142857143,0.5714285714285714,0.5948,0.011958929717997342
0.7142857142857143,0.5816326530612245,0.4727,0.02195315467079845
0.7142857142857143,0.5918367346938775,0.3714,0.011739846677022658
0.7142857142857143,0.6020408163265306,0.3116,0.012516549045164166
0.7142857142857143,0.6122448979591837,0.22719999999999999,0.01236753815437818
0.7142857142857143,0.6224489795918368,0.20430000000000006,0.009229355340434132
0.7142857142857143,0.6326530612244898,0.1359,0.011234277902918368
0.7142857142857143,0.6428571428571428,0.1093,0.016503969219554427
0.7142857142857143,0.653061224489796,0.0127,0.008492408374542524
0.7142857142857143,0.6632653061224489,0.0,0.0
0.7142857142857143,0.6734693877551021,0.0,0.0
0.7142857142857143,0.6836734693877551,0.0,0.0
0.7142857142857143,0.6938775510204082,0.0,0.0
0.7142857142857143,0.7040816326530612,0.0,0.0
0.7142857142857143,0.7142857142857143,0.0,0.0
0.7244897959183674,0.5,1.0,0.0
0.7244897959183674,0.5102040816326531,1.0,0.0
0.7244897959183674,0.5204081632653061,1.0,0.0
0.7244897959183674,0.5306122448979592,1.0,0.0
0.7244897959183674,0.5408163265306123,1.0,0.0
0.7244897959183674,0.5510204081632653,1.0,0.0
0.7244897959183674,0.5612244897959183,0.7836000000000001,0.027960042918421992
0.7244897959183674,0.5714285714285714,0.6204000000000001,0.022282818493179892
0.7244897959183674,0.5816326530612245,0.5235000000000001,0.007860343503944347
0.7244897959183674,0.5918367346938775,0.4144,0.007230767594107832
0.7244897959183674,0.6020408163265306,0.34229999999999994,0.0066813920705194344
0.7244897959183674,0.6122448979591837,0.2962,0.00944648082621248
0.7244897959183674,0.6224489795918368,0.2306,0.009918870903484932
0.7244897959183674,0.6326530612244898,0.2044,0.008797954307678574
0.7244897959183674,0.6428571428571429,0.1514,0.011389644419383777
0.7244897959183674,0.653061224489796,0.12289999999999998,0.008042947221012953
0.7244897959183674,0.6632653061224489,0.034699999999999995,0.012853054111766586
0.7244897959183674,0.6734693877551021,0.0,0.0
0.7244897959183674,0.6836734693877551,0.0,0.0
0.7244897959183674,0.6938775510204082,0.0,0.0
0.7244897959183674,0.7040816326530612,0.0,0.0
0.7244897959183674,0.7142857142857143,0.0,0.0
0.7244897959183674,0.7244897959183674,0.0,0.0
0.7346938775510204,0.5,1.0,0.0
0.7346938775510204,0.5102040816326531,1.0,0.0
0.7346938775510204,0.5204081632653061,1.0,0.0
0.7346938775510204,0.5306122448979592,1.0,0.0
0.7346938775510204,0.5408163265306123,1.0,0.0
0.7346938775510204,0.5510204081632654,1.0,0.0
0.7346938775510204,0.5612244897959183,0.9404999999999999,0.02934663524154004
0.7346938775510204,0.5714285714285714,0.6901999999999999,0.012541770209982319
0.7346938775510204,0.5816326530612245,0.5559000000000001,0.02261125825777946
0.7346938775510204,0.5918367346938775,0.47409999999999997,0.017980239153025747
0.7346938775510204,0.6020408163265306,0.38039999999999996,0.012526930988873529
0.7346938775510204,0.6122448979591837,0.3349,0.01210574243902455
0.7346938775510204,0.6224489795918368,0.27999999999999997,0.015777832550765647
0.7346938775510204,0.6326530612244898,0.23089999999999997,0.009875677191970179
0.7346938775510204,0.6428571428571429,0.18020000000000003,0.010907612020969576
0.7346938775510204,0.653061224489796,0.1467,0.009119265321285482
0.7346938775510204,0.6632653061224489,0.1375,0.010821506364642583
0.7346938775510204,0.6734693877551021,0.1061,0.01607945894612129
0.7346938775510204,0.6836734693877551,0.0313,0.013235595944270888
0.7346938775510204,0.6938775510204082,0.0,0.0
0.7346938775510204,0.7040816326530612,0.0008,0.000758946638440411
0.7346938775510204,0.7142857142857143,0.0,0.0
0.7346938775510204,0.7244897959183674,0.0,0.0
0.7346938775510204,0.7346938775510204,0.0,0.0
0.7448979591836735,0.5,1.0,0.0
0.7448979591836735,0.5102040816326531,1.0,0.0
0.7448979591836735,0.5204081632653061,1.0,0.0
0.7448979591836735,0.5306122448979592,1.0,0.0
0.7448979591836735,0.5408163265306123,1.0,0.0
0.7448979591836735,0.5510204081632654,1.0,0.0
0.7448979591836735,0.5612244897959184,0.9885999999999999,0.007232150440913138
0.7448979591836735,0.5714285714285714,0.7278,0.0209684524941637
0.7448979591836735,0.5816326530612245,0.6087,0.021391143026963287
0.7448979591836735,0.5918367346938775,0.5036,0.010583194224807552
0.7448979591836735,0.6020408163265306,0.39759999999999995,0.01469843529087365
0.7448979591836735,0.6122448979591837,0.36310000000000003,0.009458805421404965
0.7448979591836735,0.6224489795918368,0.28500000000000003,0.011442901729893514
0.7448979591836735,0.6326530612244898,0.28819999999999996,0.008369946236386467
0.7448979591836735,0.6428571428571429,0.23720000000000002,0.00875762524889025
0.7448979591836735,0.653061224489796,0.2016,0.01290209285348699
0.7448979591836735,0.6632653061224489,0.14790000000000003,0.006103195884124971
0.7448979591836735,0.6734693877551021,0.13069999999999998,0.005644554898306862
0.7448979591836735,0.6836734693877551,0.10499999999999998,0.00940744386111339
0.7448979591836735,0.6938775510204082,0.08249999999999999,0.011713453803212783
0.7448979591836735,0.7040816326530612,0.0313,0.012537184691947393
0.7448979591836735,0.7142857142857143,0.036500000000000005,0.01242598084659718
0.7448979591836735,0.7244897959183674,0.0,0.0
0.7448979591836735,0.7346938775510204,0.0,0.0
0.7448979591836735,0.7448979591836735,0.0,0.0
0.7551020408163265,0.5,1.0,0.0
0.7551020408163265,0.5102040816326531,1.0,0.0
0.7551020408163265,0.5204081632653061,1.0,0.0
0.7551020408163265,0.5306122448979592,1.0,0.0
0.7551020408163265,0.5408163265306123,1.0,0.0
0.7551020408163265,0.5510204081632653,1.0,0.0
0.7551020408163265,0.5612244897959183,0.9846,0.014609722789977915
0.7551020408163265,0.5714285714285714,0.7314999999999999,0.014632327224334475
0.7551020408163265,0.5816326530612245,0.6276,0.015068642938234351
0.7551020408163265,0.5918367346938775,0.5484,0.012208357792922023
0.7551020408163265,0.6020408163265306,0.4519,0.009321426929392302
0.7551020408163265,0.6122448979591837,0.3623,0.011823747290939534
0.7551020408163265,0.6224489795918366,0.326,0.0082981925742899
0.7551020408163265,0.6326530612244898,0.2882,0.01213902796767517
0.7551020408163265,0.6428571428571428,0.26710000000000006,0.00743162162653616
0.7551020408163265,0.6530612244897959,0.22610000000000002,0.008689591474862327
0.7551020408163265,0.6632653061224489,0.2043,0.006066382777240484
0.7551020408163265,0.673469387755102,0.15940000000000004,0.010796480908147802
0.7551020408163265,0.6836734693877551,0.1537,0.009517405108536674
0.7551020408163265,0.6938775510204082,0.1296,0.009045661943716445
0.7551020408163265,0.7040816326530612,0.1059,0.0076817315756279834
0.7551020408163265,0.7142857142857142,0.0881,0.008224901215212252
0.7551020408163265,0.7244897959183673,0.05850000000000001,0.013152376211164279
0.7551020408163265,0.7346938775510203,0.0256,0.012071619609646419
0.7551020408163265,0.7448979591836734,0.0076,0.00481497663545733
0.7551020408163265,0.7551020408163265,0.0,0.0
0.7653061224489797,0.5,1.0,0.0
0.7653061224489797,0.5102040816326531,1.0,0.0
0.7653061224489797,0.5204081632653061,1.0,0.0
0.7653061224489797,0.5306122448979592,1.0,0.0
0.7653061224489797,0.5408163265306123,1.0,0.0
0.7653061224489797,0.5510204081632654,1.0,0.0
0.7653061224489797,0.5612244897959184,1.0,0.0
0.7653061224489797,0.5714285714285714,0.7746999999999999,0.018530542355797357
0.7653061224489797,0.5816326530612245,0.638,0.01018920997918877
0.7653061224489797,0.5918367346938775,0.5538000000000001,0.020459129991277733
0.7653061224489797,0.6020408163265306,0.49190000000000006,0.01242292236150577
0.7653061224489797,0.6122448979591837,0.4282,0.006520429433710635
0.7653061224489797,0.6224489795918368,0.3837,0.01011142917692647
0.7653061224489797,0.6326530612244898,0.31600000000000006,0.014273051530769444
0.7653061224489797,0.6428571428571429,0.30189999999999995,0.009306395650304153
0.7653061224489797,0.653061224489796,0.257,0.006049793384901668
0.7653061224489797,0.663265306122449,0.22410000000000002,0.009609838708323881
0.7653061224489797,0.6734693877551021,0.21549999999999997,0.012084080436673698
0.7653061224489797,0.6836734693877551,0.184,0.007463243262818116
0.7653061224489797,0.6938775510204083,0.15250000000000002,0.004468221122549779
0.7653061224489797,0.7040816326530612,0.1351,0.0103994711403994
0.7653061224489797,0.7142857142857144,0.11469999999999998,0.008739622417473194
0.7653061224489797,0.7244897959183674,0.11410000000000001,0.009651372959325527
0.7653061224489797,0.7346938775510204,0.10529999999999999,0.007191731363169789
0.7653061224489797,0.7448979591836735,0.0797,0.011544739061581252
0.7653061224489797,0.7551020408163266,0.05269999999999999,0.011171436792105124
0.7653061224489797,0.7653061224489797,0.0426,0.010774228510663767
0.7755102040816326,0.5,1.0,0.0
0.7755102040816326,0.5102040816326531,1.0,0.0
0.7755102040816326,0.5204081632653061,1.0,0.0
0.7755102040816326,0.5306122448979592,1.0,0.0
0.7755102040816326,0.5408163265306123,1.0,0.0
0.7755102040816326,0.5510204081632653,1.0,0.0
0.7755102040816326,0.5612244897959183,1.0,0.0
0.7755102040816326,0.5714285714285714,0.8167,0.02950255921102438
0.7755102040816326,0.5816326530612245,0.6664000000000001,0.017472950523595033
0.7755102040816326,0.5918367346938775,0.5902000000000001,0.01581948166028204
0.7755102040816326,0.6020408163265306,0.493,0.012352327715859878
0.7755102040816326,0.6122448979591837,0.42810000000000004,0.009623357002626473
0.7755102040816326,0.6224489795918368,0.39490000000000003,0.006735651416158647
0.7755102040816326,0.6326530612244898,0.35,0.008552192701290116
0.7755102040816326,0.6428571428571428,0.33049999999999996,0.011306856327025648
0.7755102040816326,0.653061224489796,0.26219999999999993,0.005645883456112072
0.7755102040816326,0.6632653061224489,0.2444,0.004964272353527756
0.7755102040816326,0.673469387755102,0.2283,0.008811413053534604
0.7755102040816326,0.6836734693877551,0.2145,0.006914115995555758
0.7755102040816326,0.6938775510204082,0.164,0.00787527777287887
0.7755102040816326,0.7040816326530612,0.1553,0.009347780485227495
0.7755102040816326,0.7142857142857143,0.15209999999999999,0.007928997414553746
0.7755102040816326,0.7244897959183674,0.1285,0.007622663576467219
0.7755102040816326,0.7346938775510203,0.12309999999999999,0.008512872605648461
0.7755102040816326,0.7448979591836734,0.09929999999999999,0.0058241737611441505
0.7755102040816326,0.7551020408163265,0.0829,0.010497094836191581
0.7755102040816326,0.7653061224489796,0.0882,0.007713365024423517
0.7755102040816326,0.7755102040816326,0.04410000000000001,0.01058532002350425
0.7857142857142857,0.5,1.0,0.0
0.7857142857142857,0.5102040816326531,1.0,0.0
0.7857142857142857,0.5204081632653061,1.0,0.0
0.7857142857142857,0.5306122448979592,1.0,0.0
0.7857142857142857,0.5408163265306123,1.0,0.0
0.7857142857142857,0.5510204081632653,1.0,0.0
0.7857142857142857,0.5612244897959183,1.0,0.0
0.7857142857142857,0.5714285714285714,0.8253999999999999,0.02157276060220388
0.7857142857142857,0.5816326530612245,0.6975,0.010074968982582526
0.7857142857142857,0.5918367346938775,0.618,0.012553087269671965
0.7857142857142857,0.6020408163265306,0.5141,0.00765695762036072
0.7857142857142857,0.6122448979591837,0.4807,0.015396135878849602
0.7857142857142857,0.6224489795918368,0.40940000000000004,0.011265167553125876
0.7857142857142857,0.6326530612244898,0.36279999999999996,0.011358521030486316
0.7857142857142857,0.6428571428571428,0.33799999999999997,0.007762731478030142
0.7857142857142857,0.6530612244897959,0.30779999999999996,0.005513256750778078
0.7857142857142857,0.6632653061224489,0.2718,0.008033430151560413
0.7857142857142857,0.673469387755102,0.2564000000000001,0.005472111109983059
0.7857142857142857,0.6836734693877551,0.22039999999999998,0.008022717744006702
0.7857142857142857,0.6938775510204082,0.2105,0.007070007072132249
0.7857142857142857,0.7040816326530612,0.1859,0.0058111100488632975
0.7857142857142857,0.7142857142857143,0.1738,0.008102839008643822
0.7857142857142857,0.7244897959183674,0.1567,0.006196854040559611
0.7857142857142857,0.7346938775510203,0.15660000000000002,0.0079438026158761
0.7857142857142857,0.7448979591836734,0.13619999999999996,0.007607627751145557
0.7857142857142857,0.7551020408163265,0.1315,0.003760983913818298
0.7857142857142857,0.7653061224489797,0.11869999999999999,0.007655128999566238
0.7857142857142857,0.7755102040816326,0.094,0.004093897898091743
0.7857142857142857,0.7857142857142857,0.1012,0.008814533453337164
0.7959183673469388,0.5,1.0,0.0
0.7959183673469388,0.5102040816326531,1.0,0.0
0.7959183673469388,0.5204081632653061,1.0,0.0
0.7959183673469388,0.5306122448979592,1.0,0.0
0.7959183673469388,0.5408163265306123,1.0,0.0
0.7959183673469388,0.5510204081632653,1.0,0.0
0.7959183673469388,0.5612244897959183,1.0,0.0
0.7959183673469388,0.5714285714285714,0.8821,0.027653733925095902
0.7959183673469388,0.5816326530612245,0.7022999999999999,0.009811269031068302
0.7959183673469388,0.5918367346938775,0.6375,0.005553827509024749
0.7959183673469388,0.6020408163265306,0.564,0.01252597301609739
0.7959183673469388,0.6122448979591837,0.48650000000000004,0.009532313465261202
0.7959183673469388,0.6224489795918368,0.4293,0.012897325304108599
0.7959183673469388,0.6326530612244898,0.3822,0.009219327524282884
0.7959183673469388,0.6428571428571428,0.36869999999999997,0.0035497887261075156
0.7959183673469388,0.653061224489796,0.3231,0.005117518930106657
0.7959183673469388,0.6632653061224489,0.3061,0.008523438273373016
0.7959183673469388,0.673469387755102,0.27280000000000004,0.006501999692402327
0.7959183673469388,0.6836734693877551,0.25800000000000006,0.01072380529476361
0.7959183673469388,0.6938775510204082,0.2271,0.005028816958291483
0.7959183673469388,0.7040816326530612,0.21710000000000002,0.004217700795457165
0.7959183673469388,0.7142857142857143,0.1911,0.007149055881723124
0.7959183673469388,0.7244897959183674,0.17440000000000003,0.004118737670694748
0.7959183673469388,0.7346938775510204,0.173,0.005616048432839588
0.7959183673469388,0.7448979591836735,0.1527,0.009681993596362268
0.7959183673469388,0.7551020408163265,0.14100000000000004,0.003006659275674581
0.7959183673469388,0.7653061224489797,0.14589999999999997,0.009107634160417292
0.7959183673469388,0.7755102040816326,0.12679999999999997,0.005100588201374426
0.7959183673469388,0.7857142857142857,0.1142,0.0037384488762052114
0.7959183673469388,0.7959183673469388,0.10819999999999999,0.003991991983959888
0.8061224489795918,0.5,1.0,0.0
0.8061224489795918,0.5102040816326531,1.0,0.0
0.8061224489795918,0.5204081632653061,1.0,0.0
0.8061224489795918,0.5306122448979592,1.0,0.0
0.8061224489795918,0.5408163265306123,1.0,0.0
0.8061224489795918,0.5510204081632653,1.0,0.0
0.8061224489795918,0.5612244897959183,1.0,0.0
0.8061224489795918,0.5714285714285714,0.8987,0.018164828653196814
0.8061224489795918,0.5816326530612245,0.7470999999999999,0.01169311763389046
0.8061224489795918,0.5918367346938775,0.6247999999999999,0.019867964163446637
0.8061224489795918,0.6020408163265306,0.5488000000000001,0.01696337230623675
0.8061224489795918,0.6122448979591837,0.5086,0.007721657853077929
0.8061224489795918,0.6224489795918368,0.45699999999999996,0.010259629622944483
0.8061224489795918,0.6326530612244898,0.43080000000000007,0.005789300475877891
0.8061224489795918,0.6428571428571428,0.3842,0.0065296247977965766
0.8061224489795918,0.653061224489796,0.346,0.0084581321815162
0.8061224489795918,0.6632653061224489,0.30219999999999997,0.0064587924567987174
0.8061224489795918,0.673469387755102,0.2949,0.01083923429029929
0.8061224489795918,0.6836734693877551,0.26800000000000007,0.006254598308444753
0.8061224489795918,0.6938775510204082,0.2412,0.00433312820027287
0.8061224489795918,0.7040816326530612,0.23529999999999998,0.006257875038701235
0.8061224489795918,0.7142857142857143,0.22749999999999998,0.00937789955160536
0.8061224489795918,0.7244897959183674,0.21100000000000002,0.005099019513592785
0.8061224489795918,0.7346938775510204,0.1885,0.004962358310319802
0.8061224489795918,0.7448979591836735,0.1744,0.007811785967370075
0.8061224489795918,0.7551020408163265,0.1692,0.006279808914290305
0.8061224489795918,0.7653061224489797,0.1582,0.007978471031469626
0.8061224489795918,0.7755102040816326,0.13699999999999998,0.005403702434442517
0.8061224489795918,0.7857142857142857,0.1377,0.005457197082752279
0.8061224489795918,0.7959183673469388,0.1275,0.006832642241475839
0.8061224489795918,0.8061224489795918,0.12769999999999998,0.007588214546255265
0.8163265306122449,0.5,1.0,0.0
0.8163265306122449,0.5102040816326531,1.0,0.0
0.8163265306122449,0.5204081632653061,1.0,0.0
0.8163265306122449,0.5306122448979592,1.0,0.0
0.8163265306122449,0.5408163265306123,1.0,0.0
0.8163265306122449,0.5510204081632653,1.0,0.0
0.8163265306122449,0.5612244897959183,1.0,0.0
0.8163265306122449,0.5714285714285714,0.9564999999999999,0.021557945171096434
0.8163265306122449,0.5816326530612245,0.744,0.011600862036935018
0.8163265306122449,0.5918367346938775,0.6757,0.01076015799140514
0.8163265306122449,0.6020408163265306,0.5848,0.011646286961946282
0.8163265306122449,0.6122448979591837,0.5286000000000001,0.007028797905758843
0.8163265306122449,0.6224489795918368,0.48050000000000004,0.008309332103123573
0.8163265306122449,0.6326530612244898,0.4175,0.007564720748315828
0.8163265306122449,0.6428571428571428,0.3929,0.007335461812319657
0.8163265306122449,0.653061224489796,0.36560000000000004,0.00799149547957077
0.8163265306122449,0.6632653061224489,0.3316,0.006465601286810067
0.8163265306122449,0.673469387755102,0.31029999999999996,0.005418579149555722
0.8163265306122449,0.6836734693877551,0.28679999999999994,0.00752170193506762
0.8163265306122449,0.6938775510204082,0.26770000000000005,0.006607647085006885
0.8163265306122449,0.7040816326530612,0.2492,0.0068129288855821755
0.8163265306122449,0.7142857142857143,0.2387,0.004636917079267216
0.8163265306122449,0.7244897959183674,0.2183,0.0045123164782625794
0.8163265306122449,0.7346938775510204,0.20670000000000002,0.007435119366896539
0.8163265306122449,0.7448979591836735,0.1851,0.006389757428885698
0.8163265306122449,0.7551020408163265,0.18459999999999996,0.004794163117792302
0.8163265306122449,0.7653061224489797,0.18449999999999997,0.006462584622269946
0.8163265306122449,0.7755102040816326,0.16160000000000002,0.004445672052682248
0.8163265306122449,0.7857142857142857,0.1609,0.0051642037140298795
0.8163265306122449,0.7959183673469388,0.15699999999999997,0.004093897898091745
0.8163265306122449,0.8061224489795918,0.14730000000000001,0.004558618211695293
0.8163265306122449,0.8163265306122449,0.12940000000000002,0.0035077058029429997
0.8265306122448979,0.5,1.0,0.0
0.8265306122448979,0.5102040816326531,1.0,0.0
0.8265306122448979,0.5204081632653061,1.0,0.0
0.8265306122448979,0.5306122448979592,1.0,0.0
0.8265306122448979,0.5408163265306123,1.0,0.0
0.8265306122448979,0.5510204081632653,1.0,0.0
0.8265306122448979,0.5612244897959183,1.0,0.0
0.8265306122448979,0.5714285714285714,0.9892,0.0068539039969932524
0.8265306122448979,0.5816326530612245,0.7778,0.015182753373482683
0.8265306122448979,0.5918367346938775,0.6771,0.011566719500359639
0.8265306122448979,0.6020408163265306,0.5944,0.010353936449486253
0.8265306122448979,0.6122448979591837,0.5224,0.007423206854183715
0.8265306122448979,0.6224489795918366,0.49040000000000006,0.009896666105310417
0.8265306122448979,0.6326530612244898,0.45330000000000004,0.009921743798345128
0.8265306122448979,0.6428571428571428,0.4088,0.007947074933584054
0.8265306122448979,0.6530612244897959,0.3765,0.00896130570843334
0.8265306122448979,0.6632653061224489,0.3448,0.00829433541641523
0.8265306122448979,0.673469387755102,0.32930000000000004,0.004465534682431655
0.8265306122448979,0.6836734693877551,0.3027,0.0066182323924141575
0.8265306122448979,0.693877551020408,0.2793,0.006899347795262968
0.8265306122448979,0.7040816326530612,0.265,0.009765244492586962
0.8265306122448979,0.7142857142857142,0.25860000000000005,0.005911345024611574
0.8265306122448979,0.7244897959183673,0.2303,0.004340622075232995
0.8265306122448979,0.7346938775510203,0.2283,0.0042451148394360315
0.8265306122448979,0.7448979591836734,0.21620000000000003,0.005675914023309372
0.8265306122448979,0.7551020408163265,0.20189999999999997,0.006781519003881063
0.8265306122448979,0.7653061224489796,0.1931,0.005776590690017772
0.8265306122448979,0.7755102040816326,0.1943,0.006392260945862582
0.8265306122448979,0.7857142857142856,0.163,0.007054076835419357
0.8265306122448979,0.7959183673469388,0.18,0.007329392880723477
0.8265306122448979,0.8061224489795917,0.1622,0.006093931407556209
0.8265306122448979,0.8163265306122448,0.1524,0.004682307123630402
0.8265306122448979,0.8265306122448979,0.1517,0.00449899988886419
0.8367346938775511,0.5,1.0,0.0
0.8367346938775511,0.5102040816326531,1.0,0.0
0.8367346938775511,0.5204081632653061,1.0,0.0
0.8367346938775511,0.5306122448979592,1.0,0.0
0.8367346938775511,0.5408163265306123,1.0,0.0
0.8367346938775511,0.5510204081632654,1.0,0.0
0.8367346938775511,0.5612244897959184,1.0,0.0
0.8367346938775511,0.5714285714285714,0.992,0.007589466384404107
0.8367346938775511,0.5816326530612245,0.7917,0.0120963217549799
0.8367346938775511,0.5918367346938775,0.6858000000000001,0.019407627366579357
0.8367346938775511,0.6020408163265306,0.5976000000000001,0.012954690270322946
0.8367346938775511,0.6122448979591837,0.5814999999999999,0.011762865297196936
0.8367346938775511,0.6224489795918368,0.5058,0.006387174649248291
0.8367346938775511,0.6326530612244898,0.45870000000000005,0.006251479824809482
0.8367346938775511,0.6428571428571429,0.43019999999999997,0.009573714012858331
0.8367346938775511,0.653061224489796,0.3923,0.007779524407057286
0.8367346938775511,0.6632653061224489,0.3659,0.01156499027236945
0.8367346938775511,0.6734693877551021,0.35969999999999996,0.010829635266249736
0.8367346938775511,0.6836734693877551,0.32809999999999995,0.009577525776524954
0.8367346938775511,0.6938775510204083,0.31109999999999993,0.005162266943891996
0.8367346938775511,0.7040816326530612,0.29400000000000004,0.006489992295835182
0.8367346938775511,0.7142857142857143,0.2665,0.006027022482121666
0.8367346938775511,0.7244897959183674,0.2526,0.005600357131469389
0.8367346938775511,0.7346938775510204,0.2387,0.006443679073324495
0.8367346938775511,0.7448979591836735,0.2428,0.007368581953130468
0.8367346938775511,0.7551020408163265,0.2162,0.0051842067859991835
0.8367346938775511,0.7653061224489797,0.20800000000000002,0.007068238818828916
0.8367346938775511,0.7755102040816326,0.19240000000000002,0.006161493325485308
0.8367346938775511,0.7857142857142858,0.19590000000000002,0.004661437546508587
0.8367346938775511,0.7959183673469388,0.19230000000000003,0.003942207503417342
0.8367346938775511,0.8061224489795918,0.17099999999999999,0.0036138621999185295
0.8367346938775511,0.8163265306122449,0.1715,0.004815080477001397
0.8367346938775511,0.826530612244898,0.1624,0.005282423686150137
0.8367346938775511,0.8367346938775511,0.1502,0.005226471084776037
0.846938775510204,0.5,1.0,0.0
0.846938775510204,0.5102040816326531,1.0,0.0
0.846938775510204,0.5204081632653061,1.0,0.0
0.846938775510204,0.5306122448979592,1.0,0.0
0.846938775510204,0.5408163265306123,1.0,0.0
0.846938775510204,0.5510204081632653,1.0,0.0
0.846938775510204,0.5612244897959183,1.0,0.0
0.846938775510204,0.5714285714285714,1.0,0.0
0.846938775510204,0.5816326530612245,0.7971000000000001,0.014881162588991496
0.846938775510204,0.5918367346938775,0.7142,0.009198695559697576
0.846938775510204,0.6020408163265306,0.6312,0.01144097897909091
0.846938775510204,0.6122448979591837,0.5601,0.011304379682229358
0.846938775510204,0.6224489795918368,0.5368999999999999,0.011710209221017356
0.846938775510204,0.6326530612244898,0.4547,0.010594385305434193
0.846938775510204,0.6428571428571428,0.4422,0.00510842441463119
0.846938775510204,0.6530612244897959,0.43220000000000003,0.008553128082754283
0.846938775510204,0.6632653061224489,0.39560000000000006,0.009781819871578088
0.846938775510204,0.673469387755102,0.3457,0.007329461098880326
0.846938775510204,0.6836734693877551,0.34680000000000005,0.006115226896853459
0.846938775510204,0.6938775510204082,0.32249999999999995,0.006218118686548205
0.846938775510204,0.7040816326530612,0.3093,0.0060333241252231735
0.846938775510204,0.7142857142857142,0.2934,0.006083091319386879
0.846938775510204,0.7244897959183674,0.2754,0.005557337492001
0.846938775510204,0.7346938775510203,0.2529,0.0048217216842119815
0.846938775510204,0.7448979591836734,0.25630000000000003,0.005035970611510753
0.846938775510204,0.7551020408163265,0.2323,0.004822965892477367
0.846938775510204,0.7653061224489796,0.2314,0.007044430424101013
0.846938775510204,0.7755102040816326,0.21000000000000002,0.003849675310984031
0.846938775510204,0.7857142857142856,0.2024,0.00586719694573141
0.846938775510204,0.7959183673469388,0.2036,0.0048212031693343925
0.846938775510204,0.8061224489795917,0.194,0.003964845520319799
0.846938775510204,0.8163265306122449,0.19140000000000001,0.0045567532300970605
0.846938775510204,0.8265306122448979,0.1832,0.005174553120801834
0.846938775510204,0.836734693877551,0.1752,0.0069796848066370435
0.846938775510204,0.846938775510204,0.16849999999999998,0.0041358191449820435
0.8571428571428572,0.5,1.0,0.0
0.8571428571428572,0.5102040816326531,1.0,0.0
0.8571428571428572,0.5204081632653061,1.0,0.0
0.8571428571428572,0.5306122448979592,1.0,0.0
0.8571428571428572,0.5408163265306123,1.0,0.0
0.8571428571428572,0.5510204081632654,1.0,0.0
0.8571428571428572,0.5612244897959184,1.0,0.0
0.8571428571428572,0.5714285714285714,1.0,0.0
0.8571428571428572,0.5816326530612245,0.8459999999999999,0.015591664439693407
0.8571428571428572,0.5918367346938775,0.7197,0.011964990597572568
0.8571428571428572,0.6020408163265306,0.6443,0.004467773494706287
0.8571428571428572,0.6122448979591837,0.5885999999999999,0.009095273497811933
0.8571428571428572,0.6224489795918368,0.5565,0.004974434641243153
0.8571428571428572,0.6326530612244898,0.5024,0.007690513636942597
0.8571428571428572,0.6428571428571429,0.46719999999999995,0.009458118206070383
0.8571428571428572,0.653061224489796,0.43509999999999993,0.008398154559187396
0.8571428571428572,0.6632653061224489,0.40330000000000005,0.0053796840055899174
0.8571428571428572,0.6734693877551021,0.382,0.006384355879804947
0.8571428571428572,0.6836734693877551,0.36089999999999994,0.006187810598264949
0.8571428571428572,0.6938775510204082,0.3451000000000001,0.0057540420575452845
0.8571428571428572,0.7040816326530612,0.3191,0.005171943541841888
0.8571428571428572,0.7142857142857143,0.29989999999999994,0.006530620184944153
0.8571428571428572,0.7244897959183674,0.28709999999999997,0.006627895593625475
0.8571428571428572,0.7346938775510204,0.2783,0.004947827806219612
0.8571428571428572,0.7448979591836735,0.26120000000000004,0.0056847163517628535
0.8571428571428572,0.7551020408163266,0.25460000000000005,0.0053126264690828776
0.8571428571428572,0.7653061224489797,0.24420000000000006,0.005622810685057786
0.8571428571428572,0.7755102040816327,0.23210000000000003,0.005254426705169651
0.8571428571428572,0.7857142857142858,0.2202,0.006260670890567559
0.8571428571428572,0.7959183673469388,0.2192,0.006930800819530165
0.8571428571428572,0.806122448979592,0.2088,0.004086073910246852
0.8571428571428572,0.8163265306122449,0.20190000000000002,0.005814550713511749
0.8571428571428572,0.826530612244898,0.1959,0.0047695911774490694
0.8571428571428572,0.8367346938775511,0.18839999999999998,0.0041549969915753255
0.8571428571428572,0.8469387755102041,0.18259999999999996,0.003603331791550703
0.8571428571428572,0.8571428571428572,0.1739,0.0016997058569058333
0.8673469387755102,0.5,1.0,0.0
0.8673469387755102,0.5102040816326531,1.0,0.0
0.8673469387755102,0.5204081632653061,1.0,0.0
0.8673469387755102,0.5306122448979592,1.0,0.0
0.8673469387755102,0.5408163265306123,1.0,0.0
0.8673469387755102,0.5510204081632653,1.0,0.0
0.8673469387755102,0.5612244897959183,1.0,0.0
0.8673469387755102,0.5714285714285714,1.0,0.0
0.8673469387755102,0.5816326530612245,0.8968,0.021765477251831627
0.8673469387755102,0.5918367346938775,0.7345,0.0073949306960917555
0.8673469387755102,0.6020408163265306,0.6718000000000001,0.01068344513722048
0.8673469387755102,0.6122448979591837,0.5803,0.013692370138146278
0.8673469387755102,0.6224489795918368,0.5526000000000001,0.005625299992000416
0.8673469387755102,0.6326530612244898,0.5023,0.0056534060529914235
0.8673469387755102,0.6428571428571428,0.4586,0.006530237361689083
0.8673469387755102,0.653061224489796,0.4473000000000001,0.006229044870604161
0.8673469387755102,0.6632653061224489,0.42800000000000005,0.006788225099390855
0.8673469387755102,0.673469387755102,0.3965,0.006417554051194269
0.8673469387755102,0.6836734693877551,0.368,0.007556454194925022
0.8673469387755102,0.6938775510204082,0.3588,0.006265460876902832
0.8673469387755102,0.7040816326530612,0.33,0.00416653333119993
0.8673469387755102,0.7142857142857143,0.3262,0.0030225816779700116
0.8673469387755102,0.7244897959183674,0.29869999999999997,0.005067642449897188
0.8673469387755102,0.7346938775510203,0.29410000000000003,0.005521684525577315
0.8673469387755102,0.7448979591836734,0.2855,0.0060237031799384
0.8673469387755102,0.7551020408163265,0.2752,0.0034170162422792146
0.8673469387755102,0.7653061224489796,0.26010000000000005,0.005828293060579573
0.8673469387755102,0.7755102040816326,0.2585,0.003876209488662861
0.8673469387755102,0.7857142857142857,0.2415,0.0036558172820861817
0.8673469387755102,0.7959183673469388,0.23100000000000004,0.00543323108288245
0.8673469387755102,0.8061224489795918,0.2253,0.004275628608754506
0.8673469387755102,0.8163265306122449,0.21390000000000003,0.0049060167141990055
0.8673469387755102,0.8265306122448979,0.2069,0.005244902286983046
0.8673469387755102,0.836734693877551,0.20790000000000003,0.0030771740282278474
0.8673469387755102,0.846938775510204,0.1908,0.004713385195377097
0.8673469387755102,0.8571428571428571,0.1889,0.004946615004222585
0.8673469387755102,0.8673469387755102,0.1817,0.002966647940015802
0.8775510204081632,0.5,1.0,0.0
0.8775510204081632,0.5102040816326531,1.0,0.0
0.8775510204081632,0.5204081632653061,1.0,0.0
0.8775510204081632,0.5306122448979592,1.0,0.0
0.8775510204081632,0.5408163265306123,1.0,0.0
0.8775510204081632,0.5510204081632653,1.0,0.0
0.8775510204081632,0.5612244897959183,1.0,0.0
0.8775510204081632,0.5714285714285714,1.0,0.0
0.8775510204081632,0.5816326530612245,0.8825,0.017514708104904287
0.8775510204081632,0.5918367346938775,0.781,0.010672394295564606
0.8775510204081632,0.6020408163265306,0.6871,0.009654480824984836
0.8775510204081632,0.6122448979591837,0.6309000000000001,0.00958170131031019
0.8775510204081632,0.6224489795918368,0.5787,0.005848162104456401
0.8775510204081632,0.6326530612244898,0.5115,0.012231312276285
0.8775510204081632,0.6428571428571428,0.48440000000000005,0.01028124506078909
0.8775510204081632,0.653061224489796,0.46440000000000003,0.006616947936926811
0.8775510204081632,0.6632653061224489,0.42910000000000004,0.006406949352070768
0.8775510204081632,0.673469387755102,0.404,0.004677606225410597
0.8775510204081632,0.6836734693877551,0.38109999999999994,0.007886000253613997
0.8775510204081632,0.6938775510204082,0.3708,0.007682187188555091
0.8775510204081632,0.7040816326530612,0.3426,0.005523042639705037
0.8775510204081632,0.7142857142857143,0.3267,0.004593582479938726
0.8775510204081632,0.7244897959183674,0.3135,0.006348621897703471
0.8775510204081632,0.7346938775510203,0.2981,0.005164203714029879
0.8775510204081632,0.7448979591836735,0.28500000000000003,0.005001999600159917
0.8775510204081632,0.7551020408163265,0.2822,0.006267056725449354
0.8775510204081632,0.7653061224489797,0.269,0.004619523784980437
0.8775510204081632,0.7755102040816326,0.2604,0.00286775173262959
0.8775510204081632,0.7857142857142857,0.2544,0.004176601489249367
0.8775510204081632,0.7959183673469388,0.23939999999999997,0.00325023076103836
0.8775510204081632,0.8061224489795918,0.23889999999999997,0.0039049967989743598
0.8775510204081632,0.8163265306122449,0.23090000000000005,0.004885591059431805
0.8775510204081632,0.8265306122448979,0.2279,0.0031637003650788423
0.8775510204081632,0.8367346938775511,0.21020000000000003,0.001938040247260103
0.8775510204081632,0.846938775510204,0.2158,0.0029624314338056843
0.8775510204081632,0.8571428571428571,0.2097,0.003117851824574092
0.8775510204081632,0.8673469387755102,0.1978,0.004175643662957844
0.8775510204081632,0.8775510204081632,0.2012,0.0035321381626431314
0.8877551020408163,0.5,1.0,0.0
0.8877551020408163,0.5102040816326531,1.0,0.0
0.8877551020408163,0.5204081632653061,1.0,0.0
0.8877551020408163,0.5306122448979592,1.0,0.0
0.8877551020408163,0.5408163265306123,1.0,0.0
0.8877551020408163,0.5510204081632653,1.0,0.0
0.8877551020408163,0.5612244897959183,1.0,0.0
0.8877551020408163,0.5714285714285714,1.0,0.0
0.8877551020408163,0.5816326530612245,0.8785000000000001,0.022464750165537117
0.8877551020408163,0.5918367346938775,0.7551999999999999,0.016354693515929913
0.8877551020408163,0.6020408163265306,0.7034,0.009736734565551223
0.8877551020408163,0.6122448979591837,0.6208,0.0091200877188764
0.8877551020408163,0.6224489795918368,0.5717999999999999,0.008702643276614287
0.8877551020408163,0.6326530612244898,0.5459,0.00728072798557946
0.8877551020408163,0.6428571428571428,0.5166999999999999,0.007011490569058762
0.8877551020408163,0.653061224489796,0.471,0.00799749960925288
0.8877551020408163,0.6632653061224489,0.4523,0.009282294974843237
0.8877551020408163,0.673469387755102,0.43030000000000007,0.006739510367971846
0.8877551020408163,0.6836734693877551,0.3976,0.007078417902328174
0.8877551020408163,0.6938775510204082,0.3737,0.0068132958250761416
0.8877551020408163,0.7040816326530612,0.3655,0.005533985905294665
0.8877551020408163,0.7142857142857143,0.3501,0.004068046214093442
0.8877551020408163,0.7244897959183674,0.33290000000000003,0.0024060340812216263
0.8877551020408163,0.7346938775510203,0.32720000000000005,0.003954238232580326
0.8877551020408163,0.7448979591836734,0.3021,0.00640070308638043
0.8877551020408163,0.7551020408163265,0.2997,0.005293486563693157
0.8877551020408163,0.7653061224489797,0.288,0.004324349662087926
0.8877551020408163,0.7755102040816326,0.2712,0.004449269602979794
0.8877551020408163,0.7857142857142857,0.2662,0.0034023521275729236
0.8877551020408163,0.7959183673469388,0.25959999999999994,0.004370812281487276
0.8877551020408163,0.8061224489795918,0.2504,0.00323171780946295
0.8877551020408163,0.8163265306122449,0.23570000000000002,0.004062142291943993
0.8877551020408163,0.8265306122448979,0.2404,0.003837186469276675
0.8877551020408163,0.8367346938775511,0.22010000000000002,0.004090110022970041
0.8877551020408163,0.846938775510204,0.22399999999999998,0.004705316142407436
0.8877551020408163,0.8571428571428571,0.2133,0.0037257214066540177
0.8877551020408163,0.8673469387755102,0.21200000000000002,0.002034698994937582
0.8877551020408163,0.8775510204081632,0.20870000000000002,0.003280396317520185
0.8877551020408163,0.8877551020408163,0.2023,0.004039925741891799
0.8979591836734694,0.5,1.0,0.0
0.8979591836734694,0.5102040816326531,1.0,0.0
0.8979591836734694,0.5204081632653061,1.0,0.0
0.8979591836734694,0.5306122448979592,1.0,0.0
0.8979591836734694,0.5408163265306123,1.0,0.0
0.8979591836734694,0.5510204081632653,1.0,0.0
0.8979591836734694,0.5612244897959183,1.0,0.0
0.8979591836734694,0.5714285714285714,1.0,0.0
0.8979591836734694,0.5816326530612245,0.9155,0.024098236449997743
0.8979591836734694,0.5918367346938775,0.7827999999999999,0.009726047501426256
0.8979591836734694,0.6020408163265306,0.7057,0.010019031889359365
0.8979591836734694,0.6122448979591837,0.6679999999999999,0.016373148750316778
0.8979591836734694,0.6224489795918368,0.5824,0.01026079918914701
0.8979591836734694,0.6326530612244898,0.55,0.014693535993762698
0.8979591836734694,0.6428571428571428,0.5209999999999999,0.008768124086713189
0.8979591836734694,0.653061224489796,0.4784,0.007724247536168169
0.8979591836734694,0.6632653061224489,0.45809999999999995,0.007947892802498028
0.8979591836734694,0.673469387755102,0.4312,0.00911679768339739
0.8979591836734694,0.6836734693877551,0.4107,0.007456607807843992
0.8979591836734694,0.6938775510204082,0.38930000000000003,0.004580502155877673
0.8979591836734694,0.7040816326530612,0.37379999999999997,0.005118202809580726
0.8979591836734694,0.7142857142857143,0.3477,0.003937130935084581
0.8979591836734694,0.7244897959183674,0.3392,0.00516681720210808
0.8979591836734694,0.7346938775510204,0.3355,0.00646722506180201
0.8979591836734694,0.7448979591836735,0.31520000000000004,0.00440862790446189
0.8979591836734694,0.7551020408163265,0.2986,0.0034473177979408892
0.8979591836734694,0.7653061224489796,0.2921,0.00594550250189166
0.8979591836734694,0.7755102040816326,0.2813,0.004472247757000943
0.8979591836734694,0.7857142857142857,0.2713,0.0032559176893772967
0.8979591836734694,0.7959183673469388,0.26339999999999997,0.004074800608618783
0.8979591836734694,0.8061224489795918,0.25739999999999996,0.006030257042614353
0.8979591836734694,0.8163265306122449,0.2552,0.004951363448586661
0.8979591836734694,0.8265306122448979,0.2465,0.003787479372881126
0.8979591836734694,0.8367346938775511,0.23870000000000005,0.0036167665116786287
0.8979591836734694,0.846938775510204,0.2366,0.0038189003652884163
0.8979591836734694,0.8571428571428572,0.229,0.00403236903073119
0.8979591836734694,0.8673469387755102,0.2239,0.0032877043662713963
0.8979591836734694,0.8775510204081632,0.22349999999999998,0.003043846251044885
0.8979591836734694,0.8877551020408163,0.21200000000000002,0.004180908992073375
0.8979591836734694,0.8979591836734694,0.1989,0.003806441908134156
0.9081632653061225,0.5,1.0,0.0
0.9081632653061225,0.5102040816326531,1.0,0.0
0.9081632653061225,0.5204081632653061,1.0,0.0
0.9081632653061225,0.5306122448979592,1.0,0.0
0.9081632653061225,0.5408163265306123,1.0,0.0
0.9081632653061225,0.5510204081632653,1.0,0.0
0.9081632653061225,0.5612244897959183,1.0,0.0
0.9081632653061225,0.5714285714285714,1.0,0.0
0.9081632653061225,0.5816326530612245,0.9588000000000001,0.015135256852792416
0.9081632653061225,0.5918367346938775,0.7841999999999999,0.014179421708941447
0.9081632653061225,0.6020408163265306,0.7019,0.006885419377205714
0.9081632653061225,0.6122448979591837,0.6456999999999999,0.010151896374569631
0.9081632653061225,0.6224489795918368,0.6111,0.009515723829536046
0.9081632653061225,0.6326530612244898,0.5570999999999999,0.005972352970145008
0.9081632653061225,0.6428571428571428,0.5307999999999999,0.0059779595180964595
0.9081632653061225,0.653061224489796,0.5005,0.009076618313006228
0.9081632653061225,0.6632653061224489,0.46659999999999996,0.007126289357021645
0.9081632653061225,0.673469387755102,0.4521,0.008963760371629752
0.9081632653061225,0.6836734693877551,0.42519999999999997,0.006787930465171253
0.9081632653061225,0.6938775510204082,0.41179999999999994,0.005162944896084014
0.9081632653061225,0.7040816326530612,0.38739999999999997,0.005515795500197593
0.9081632653061225,0.7142857142857143,0.36550000000000005,0.004829596256417303
0.9081632653061225,0.7244897959183674,0.347,0.0052952809179494876
0.9081632653061225,0.7346938775510203,0.34320000000000006,0.005272191195319074
0.9081632653061225,0.7448979591836735,0.334,0.006412487816752558
0.9081632653061225,0.7551020408163265,0.307,0.006123724356957947
0.9081632653061225,0.7653061224489797,0.31370000000000003,0.003720349445952628
0.9081632653061225,0.7755102040816326,0.29410000000000003,0.0034218416094261264
0.9081632653061225,0.7857142857142857,0.2802,0.0039033319100481288
0.9081632653061225,0.7959183673469388,0.27390000000000003,0.004938522046118653
0.9081632653061225,0.8061224489795918,0.2737,0.003461358114960078
0.9081632653061225,0.8163265306122449,0.2674,0.003600555512695228
0.9081632653061225,0.826530612244898,0.2603,0.003663468302032925
0.9081632653061225,0.8367346938775511,0.2562,0.0034548516610702724
0.9081632653061225,0.846938775510204,0.2466,0.00500439806570181
0.9081632653061225,0.8571428571428572,0.2504,0.0034733269353747855
0.9081632653061225,0.8673469387755102,0.2373,0.0023067292862405846
0.9081632653061225,0.8775510204081634,0.23200000000000004,0.0031559467676119
0.9081632653061225,0.8877551020408163,0.2192,0.0023143033509028174
0.9081632653061225,0.8979591836734694,0.2192,0.002876803781977491
0.9081632653061225,0.9081632653061225,0.2162,0.004614758931948667
0.9183673469387755,0.5,1.0,0.0
0.9183673469387755,0.5102040816326531,1.0,0.0
0.9183673469387755,0.5204081632653061,1.0,0.0
0.9183673469387755,0.5306122448979592,1.0,0.0
0.9183673469387755,0.5408163265306123,1.0,0.0
0.9183673469387755,0.5510204081632653,1.0,0.0
0.9183673469387755,0.5612244897959183,1.0,0.0
0.9183673469387755,0.5714285714285714,1.0,0.0
0.9183673469387755,0.5816326530612245,0.9766,0.012431572708229635
0.9183673469387755,0.5918367346938775,0.8169999999999998,0.011429785649783633
0.9183673469387755,0.6020408163265306,0.7379,0.008501117573589964
0.9183673469387755,0.6122448979591837,0.6592,0.00507700699231348
0.9183673469387755,0.6224489795918368,0.6206,0.009580396651496221
0.9183673469387755,0.6326530612244898,0.5994999999999999,0.007857798673928983
0.9183673469387755,0.6428571428571429,0.5267000000000001,0.005482791259933215
0.9183673469387755,0.653061224489796,0.5010000000000001,0.006631741852635703
0.9183673469387755,0.6632653061224489,0.4689,0.007759445856502898
0.9183673469387755,0.673469387755102,0.45520000000000005,0.005170686608178839
0.9183673469387755,0.6836734693877551,0.4269,0.006827078438102203
0.9183673469387755,0.6938775510204082,0.41500000000000004,0.004047221268969609
0.9183673469387755,0.7040816326530612,0.3973,0.005686914805059065
0.9183673469387755,0.7142857142857143,0.3708,0.004547086979594743
0.9183673469387755,0.7244897959183674,0.367,0.005810335618533582
0.9183673469387755,0.7346938775510204,0.35109999999999997,0.004295229912356261
0.9183673469387755,0.7448979591836735,0.3416,0.005065964863676018
0.9183673469387755,0.7551020408163265,0.32219999999999993,0.003898204714993817
0.9183673469387755,0.7653061224489797,0.3152,0.005037459677257973
0.9183673469387755,0.7755102040816326,0.3061,0.00451098658831968
0.9183673469387755,0.7857142857142858,0.3082,0.004482856232359011
0.9183673469387755,0.7959183673469388,0.29510000000000003,0.006252119640569906
0.9183673469387755,0.8061224489795918,0.2868,0.005037459677257969
0.9183673469387755,0.8163265306122449,0.27880000000000005,0.005025534797412109
0.9183673469387755,0.826530612244898,0.2721,0.002499799991999358
0.9183673469387755,0.8367346938775511,0.26980000000000004,0.0019989997498749195
0.9183673469387755,0.846938775510204,0.2596,0.0036747789049138757
0.9183673469387755,0.8571428571428572,0.24830000000000005,0.004047344808636894
0.9183673469387755,0.8673469387755102,0.24880000000000005,0.0029250641018617007
0.9183673469387755,0.8775510204081634,0.24419999999999997,0.0034490578423679707
0.9183673469387755,0.8877551020408163,0.23739999999999997,0.0033142118218363772
0.9183673469387755,0.8979591836734694,0.23270000000000005,0.0019133739833080174
0.9183673469387755,0.9081632653061225,0.2259,0.0028300176677893726
0.9183673469387755,0.9183673469387755,0.22290000000000001,0.002503797116381438
0.9285714285714286,0.5,1.0,0.0
0.9285714285714286,0.5102040816326531,1.0,0.0
0.9285714285714286,0.5204081632653061,1.0,0.0
0.9285714285714286,0.5306122448979592,1.0,0.0
0.9285714285714286,0.5408163265306123,1.0,0.0
0.9285714285714286,0.5510204081632653,1.0,0.0
0.9285714285714286,0.5612244897959183,1.0,0.0
0.9285714285714286,0.5714285714285714,1.0,0.0
0.9285714285714286,0.5816326530612245,1.0,0.0
0.9285714285714286,0.5918367346938775,0.8160999999999999,0.011288445419985868
0.9285714285714286,0.6020408163265306,0.7510999999999999,0.009499947368275266
0.9285714285714286,0.6122448979591837,0.6779000000000001,0.011079214773620012
0.9285714285714286,0.6224489795918368,0.6201000000000001,0.006067042112924556
0.9285714285714286,0.6326530612244898,0.5771,0.007642578099044843
0.9285714285714286,0.6428571428571428,0.5568000000000001,0.00850858390097905
0.9285714285714286,0.653061224489796,0.5160000000000001,0.00564800849857718
0.9285714285714286,0.6632653061224489,0.4978999999999999,0.007053297101356219
0.9285714285714286,0.6734693877551021,0.4725,0.007751451476981585
0.9285714285714286,0.6836734693877551,0.4462,0.007015411605886001
0.9285714285714286,0.6938775510204082,0.4262,0.0039007691549231703
0.9285714285714286,0.7040816326530612,0.4082,0.007171889569701975
0.9285714285714286,0.7142857142857143,0.38750000000000007,0.0057848941217622995
0.9285714285714286,0.7244897959183674,0.374,0.005321653878260029
0.9285714285714286,0.7346938775510204,0.3584,0.0028816661846924586
0.9285714285714286,0.7448979591836735,0.3557,0.003679809777692321
0.9285714285714286,0.7551020408163265,0.34040000000000004,0.0049481309602717625
0.9285714285714286,0.7653061224489797,0.32699999999999996,0.005145872132107445
0.9285714285714286,0.7755102040816326,0.3174,0.0038189003652884194
0.9285714285714286,0.7857142857142857,0.3218,0.0028941319942255594
0.9285714285714286,0.7959183673469388,0.3075,0.004311032358959977
0.9285714285714286,0.8061224489795918,0.2913,0.004671295323569254
0.9285714285714286,0.8163265306122449,0.28689999999999993,0.0041652130797835505
0.9285714285714286,0.826530612244898,0.2868,0.004619090819631065
0.9285714285714286,0.8367346938775511,0.27540000000000003,0.004445672052682244
0.9285714285714286,0.8469387755102041,0.27549999999999997,0.0026009613607279876
0.9285714285714286,0.8571428571428572,0.2622,0.0035377959240182285
0.9285714285714286,0.8673469387755102,0.259,0.00443170396123207
0.9285714285714286,0.8775510204081634,0.2539,0.002643671689147503
0.9285714285714286,0.8877551020408163,0.2464,0.0019297668252926305
0.9285714285714286,0.8979591836734695,0.24709999999999996,0.002769295939404094
0.9285714285714286,0.9081632653061225,0.23969999999999997,0.003847206778950151
0.9285714285714286,0.9183673469387755,0.2393,0.0038756934863324777
0.9285714285714286,0.9285714285714286,0.23370000000000002,0.0020398529358755233
0.9387755102040816,0.5,1.0,0.0
0.9387755102040816,0.5102040816326531,1.0,0.0
0.9387755102040816,0.5204081632653061,1.0,0.0
0.9387755102040816,0.5306122448979592,1.0,0.0
0.9387755102040816,0.5408163265306123,1.0,0.0
0.9387755102040816,0.5510204081632653,1.0,0.0
0.9387755102040816,0.5612244897959183,1.0,0.0
0.9387755102040816,0.5714285714285714,1.0,0.0
0.9387755102040816,0.5816326530612245,1.0,0.0
0.9387755102040816,0.5918367346938775,0.8322999999999998,0.012062379533077209
0.9387755102040816,0.6020408163265306,0.7585000000000001,0.004714339826529272
0.9387755102040816,0.6122448979591837,0.6821,0.004827939519090922
0.9387755102040816,0.6224489795918368,0.6234999999999999,0.011586414458321438
0.9387755102040816,0.6326530612244898,0.5934999999999999,0.00742596795037523
0.9387755102040816,0.6428571428571428,0.5552,0.008073165426274872
0.9387755102040816,0.6530612244897959,0.5166000000000001,0.008353681823004758
0.9387755102040816,0.6632653061224489,0.506,0.005547972602672084
0.9387755102040816,0.673469387755102,0.45779999999999993,0.0047155063354850845
0.9387755102040816,0.6836734693877551,0.4524000000000001,0.005242518478746642
0.9387755102040816,0.6938775510204082,0.4391,0.004414634752728705
0.9387755102040816,0.7040816326530612,0.41259999999999997,0.005320150373814631
0.9387755102040816,0.7142857142857142,0.40069999999999995,0.003972530679554278
0.9387755102040816,0.7244897959183674,0.39269999999999994,0.004580502155877672
0.9387755102040816,0.7346938775510203,0.3654,0.00348769264700891
0.9387755102040816,0.7448979591836734,0.36619999999999997,0.0043423495944016335
0.9387755102040816,0.7551020408163265,0.35109999999999997,0.002805173791407585
0.9387755102040816,0.7653061224489796,0.33659999999999995,0.004835700569720997
0.9387755102040816,0.7755102040816326,0.32409999999999994,0.0035055670012139294
0.9387755102040816,0.7857142857142857,0.3305,0.003873628789649314
0.9387755102040816,0.7959183673469388,0.31089999999999995,0.004421425109622465
0.9387755102040816,0.8061224489795917,0.3022,0.002374026116115829
0.9387755102040816,0.8163265306122448,0.29819999999999997,0.004309988399056311
0.9387755102040816,0.8265306122448979,0.2871,0.003311948067225689
0.9387755102040816,0.8367346938775511,0.2771,0.0033179813139919854
0.9387755102040816,0.846938775510204,0.28279999999999994,0.0031711196760765697
0.9387755102040816,0.8571428571428571,0.26670000000000005,0.0037684214201705196
0.9387755102040816,0.8673469387755102,0.26980000000000004,0.0033728326374132464
0.9387755102040816,0.8775510204081631,0.2639,0.0017172652678022707
0.9387755102040816,0.8877551020408163,0.2581,0.0013224976370489298
0.9387755102040816,0.8979591836734693,0.254,0.0021817424229271447
0.9387755102040816,0.9081632653061225,0.2494,0.0027539063164893616
0.9387755102040816,0.9183673469387754,0.24609999999999999,0.001956783074333996
0.9387755102040816,0.9285714285714285,0.24009999999999998,0.0026284976697726016
0.9387755102040816,0.9387755102040816,0.24109999999999995,0.0016878981011897605
0.9489795918367347,0.5,1.0,0.0
0.9489795918367347,0.5102040816326531,1.0,0.0
0.9489795918367347,0.5204081632653061,1.0,0.0
0.9489795918367347,0.5306122448979592,1.0,0.0
0.9489795918367347,0.5408163265306123,1.0,0.0
0.9489795918367347,0.5510204081632653,1.0,0.0
0.9489795918367347,0.5612244897959183,1.0,0.0
0.9489795918367347,0.5714285714285714,1.0,0.0
0.9489795918367347,0.5816326530612245,0.9888999999999999,0.0105303846083607
0.9489795918367347,0.5918367346938775,0.8818999999999999,0.02326561841000578
0.9489795918367347,0.6020408163265306,0.7501000000000001,0.011574497829279688
0.9489795918367347,0.6122448979591837,0.6958,0.010508853410339303
0.9489795918367347,0.6224489795918368,0.6329999999999999,0.006442049363362568
0.9489795918367347,0.6326530612244898,0.6005,0.010840894797017452
0.9489795918367347,0.6428571428571429,0.5683999999999999,0.008233103910433774
0.9489795918367347,0.653061224489796,0.5472,0.006219003135551544
0.9489795918367347,0.6632653061224489,0.5143,0.005000099999000024
0.9489795918367347,0.6734693877551021,0.4911,0.006356807374775485
0.9489795918367347,0.6836734693877551,0.45709999999999995,0.005884641025585159
0.9489795918367347,0.6938775510204082,0.4403,0.005819020536138364
0.9489795918367347,0.7040816326530612,0.422,0.004882622246293479
0.9489795918367347,0.7142857142857143,0.41369999999999996,0.0034235946021688936
0.9489795918367347,0.7244897959183674,0.39039999999999997,0.002839718295887815
0.9489795918367347,0.7346938775510204,0.382,0.0032155870381627076
0.9489795918367347,0.7448979591836735,0.3774,0.0039854736230465785
0.9489795918367347,0.7551020408163266,0.3573,0.004372756567658437
0.9489795918367347,0.7653061224489797,0.3438,0.004668618639383598
0.9489795918367347,0.7755102040816326,0.34220000000000006,0.004995598062294441
0.9489795918367347,0.7857142857142858,0.33049999999999996,0.0041212862069989736
0.9489795918367347,0.7959183673469388,0.3228,0.0031202563997210254
0.9489795918367347,0.8061224489795918,0.3142,0.002248555091608833
0.9489795918367347,0.8163265306122449,0.3011,0.004425946226514733
0.9489795918367347,0.826530612244898,0.292,0.0033075670817082465
0.9489795918367347,0.8367346938775511,0.29259999999999997,0.0032808535474781555
0.9489795918367347,0.8469387755102041,0.28709999999999997,0.003125539953352057
0.9489795918367347,0.8571428571428572,0.28150000000000003,0.0024829418035870227
0.9489795918367347,0.8673469387755103,0.2751,0.002751181564346486
0.9489795918367347,0.8775510204081634,0.2763,0.002626975447163521
0.9489795918367347,0.8877551020408163,0.2681,0.0033028775333033464
0.9489795918367347,0.8979591836734695,0.26170000000000004,0.0033077182467677047
0.9489795918367347,0.9081632653061225,0.261,0.0014764823060233413
0.9489795918367347,0.9183673469387755,0.2557,0.0020642189806316593
0.9489795918367347,0.9285714285714286,0.2485,0.0025504901489713716
0.9489795918367347,0.9387755102040817,0.25249999999999995,0.002232711356176612
0.9489795918367347,0.9489795918367347,0.24259999999999998,0.0015178932768808208
0.9591836734693877,0.5,1.0,0.0
0.9591836734693877,0.5102040816326531,1.0,0.0
0.9591836734693877,0.5204081632653061,1.0,0.0
0.9591836734693877,0.5306122448979592,1.0,0.0
0.9591836734693877,0.5408163265306123,1.0,0.0
0.9591836734693877,0.5510204081632653,1.0,0.0
0.9591836734693877,0.5612244897959183,1.0,0.0
0.9591836734693877,0.5714285714285714,1.0,0.0
0.9591836734693877,0.5816326530612245,0.9963000000000001,0.003510128202786903
0.9591836734693877,0.5918367346938775,0.8612,0.019857895155328015
0.9591836734693877,0.6020408163265306,0.7525000000000002,0.007757899200170115
0.9591836734693877,0.6122448979591837,0.7195,0.01567115184024455
0.9591836734693877,0.6224489795918368,0.6651,0.004942570181595803
0.9591836734693877,0.6326530612244898,0.6068,0.005761597000832326
0.9591836734693877,0.6428571428571428,0.5729,0.006439642847239272
0.9591836734693877,0.6530612244897959,0.5454000000000001,0.004907545211202842
0.9591836734693877,0.6632653061224489,0.5175000000000001,0.007074249076757199
0.9591836734693877,0.673469387755102,0.4871,0.007232496111302103
0.9591836734693877,0.6836734693877551,0.4758000000000001,0.0048058297930742375
0.9591836734693877,0.6938775510204082,0.4476,0.004868675384537359
0.9591836734693877,0.7040816326530612,0.426,0.006146543744251723
0.9591836734693877,0.7142857142857143,0.41850000000000004,0.004145479465634823
0.9591836734693877,0.7244897959183674,0.39730000000000004,0.003481522655390884
0.9591836734693877,0.7346938775510203,0.38259999999999994,0.003813659659696972
0.9591836734693877,0.7448979591836734,0.3799,0.002882533607783266
0.9591836734693877,0.7551020408163265,0.37029999999999996,0.002634577765031811
0.9591836734693877,0.7653061224489796,0.3497,0.004804268935020183
0.9591836734693877,0.7755102040816326,0.34419999999999995,0.004999599983998717
0.9591836734693877,0.7857142857142857,0.3392,0.006399687492370231
0.9591836734693877,0.7959183673469388,0.3287,0.003069364755124424
0.9591836734693877,0.8061224489795917,0.32530000000000003,0.0039116492685311146
0.9591836734693877,0.8163265306122449,0.3175,0.004481629168059316
0.9591836734693877,0.8265306122448979,0.3081,0.003868979193534132
0.9591836734693877,0.836734693877551,0.3014,0.0021222629431811714
0.9591836734693877,0.846938775510204,0.29569999999999996,0.003000166662037293
0.9591836734693877,0.8571428571428571,0.2928,0.003313004678535785
0.9591836734693877,0.8673469387755102,0.283,0.003340658617698009
0.9591836734693877,0.8775510204081631,0.2826,0.003043681980759484
0.9591836734693877,0.8877551020408163,0.27280000000000004,0.0038178527996768
0.9591836734693877,0.8979591836734694,0.26870000000000005,0.001327026751802692
0.9591836734693877,0.9081632653061225,0.26660000000000006,0.002337520053389919
0.9591836734693877,0.9183673469387754,0.2645,0.002772183255125824
0.9591836734693877,0.9285714285714286,0.25880000000000003,0.0019120669444347407
0.9591836734693877,0.9387755102040816,0.25579999999999997,0.001748141870672974
0.9591836734693877,0.9489795918367346,0.2517,0.002204767561444972
0.9591836734693877,0.9591836734693877,0.2519,0.0027072125886232158
0.9693877551020409,0.5,1.0,0.0
0.9693877551020409,0.5102040816326531,1.0,0.0
0.9693877551020409,0.5204081632653061,1.0,0.0
0.9693877551020409,0.5306122448979592,1.0,0.0
0.9693877551020409,0.5408163265306123,1.0,0.0
0.9693877551020409,0.5510204081632654,1.0,0.0
0.9693877551020409,0.5612244897959183,1.0,0.0
0.9693877551020409,0.5714285714285714,1.0,0.0
0.9693877551020409,0.5816326530612245,1.0,0.0
0.9693877551020409,0.5918367346938775,0.8653000000000001,0.013842001300390054
0.9693877551020409,0.6020408163265306,0.7773000000000001,0.015142688004446236
0.9693877551020409,0.6122448979591837,0.7053,0.009239101687934816
0.9693877551020409,0.6224489795918368,0.6531,0.00501088814483022
0.9693877551020409,0.6326530612244898,0.6157,0.006761730547722237
0.9693877551020409,0.6428571428571429,0.5906,0.008471363526611278
0.9693877551020409,0.653061224489796,0.5559000000000001,0.007114000281135775
0.9693877551020409,0.6632653061224489,0.5262,0.008872203784855263
0.9693877551020409,0.6734693877551021,0.5006,0.004806662043455941
0.9693877551020409,0.6836734693877551,0.479,0.006666333324999581
0.9693877551020409,0.6938775510204082,0.46740000000000004,0.006490300455294808
0.9693877551020409,0.7040816326530612,0.43870000000000003,0.004882724649209705
0.9693877551020409,0.7142857142857143,0.42680000000000007,0.007391616873188166
0.9693877551020409,0.7244897959183674,0.4058,0.0039033319100481283
0.9693877551020409,0.7346938775510204,0.39239999999999997,0.005680140843324221
0.9693877551020409,0.7448979591836735,0.3799,0.004838284820057624
0.9693877551020409,0.7551020408163265,0.37460000000000004,0.005257756175404104
0.9693877551020409,0.7653061224489797,0.3566,0.002466576574931334
0.9693877551020409,0.7755102040816327,0.3575,0.0028818396901979146
0.9693877551020409,0.7857142857142858,0.3426,0.004750157892112636
0.9693877551020409,0.7959183673469388,0.3364,0.003912032719699565
0.9693877551020409,0.806122448979592,0.32680000000000003,0.002481128775376242
0.9693877551020409,0.8163265306122449,0.3257,0.0036222920920323393
0.9693877551020409,0.826530612244898,0.3194000000000001,0.0034733269353747886
0.9693877551020409,0.8367346938775511,0.31460000000000005,0.0036309778297312686
0.9693877551020409,0.8469387755102041,0.3052,0.001793320941716793
0.9693877551020409,0.8571428571428572,0.3018,0.0034345305356045415
0.9693877551020409,0.8673469387755103,0.2940999999999999,0.0021561539833694645
0.9693877551020409,0.8775510204081634,0.289,0.0018601075237738261
0.9693877551020409,0.8877551020408163,0.2832,0.002614574535177755
0.9693877551020409,0.8979591836734695,0.2758,0.002199090721184551
0.9693877551020409,0.9081632653061225,0.2754,0.002178072542409912
0.9693877551020409,0.9183673469387756,0.27690000000000003,0.0023471259020342266
0.9693877551020409,0.9285714285714286,0.27140000000000003,0.0026007691170113504
0.9693877551020409,0.9387755102040818,0.2617,0.001241370210694619
0.9693877551020409,0.9489795918367347,0.2613,0.0027094279839109977
0.9693877551020409,0.9591836734693878,0.2569,0.0018517559234413174
0.9693877551020409,0.9693877551020409,0.2539,0.002118726032312816
0.9795918367346939,0.5,1.0,0.0
0.9795918367346939,0.5102040816326531,1.0,0.0
0.9795918367346939,0.5204081632653061,1.0,0.0
0.9795918367346939,0.5306122448979592,1.0,0.0
0.9795918367346939,0.5408163265306123,1.0,0.0
0.9795918367346939,0.5510204081632653,1.0,0.0
0.9795918367346939,0.5612244897959183,1.0,0.0
0.9795918367346939,0.5714285714285714,1.0,0.0
0.9795918367346939,0.5816326530612245,1.0,0.0
0.9795918367346939,0.5918367346938775,0.8895000000000002,0.02023425313669867
0.9795918367346939,0.6020408163265306,0.8044,0.007147307185227168
0.9795918367346939,0.6122448979591837,0.7324,0.010598301750752333
0.9795918367346939,0.6224489795918368,0.6685,0.008706606686878641
0.9795918367346939,0.6326530612244898,0.6279,0.007747838408227167
0.9795918367346939,0.6428571428571428,0.6033999999999999,0.007542148235085285
0.9795918367346939,0.653061224489796,0.5659,0.004928387160116371
0.9795918367346939,0.6632653061224489,0.5231000000000001,0.0067401038567665985
0.9795918367346939,0.673469387755102,0.5099,0.005830008576323028
0.9795918367346939,0.6836734693877551,0.4727,0.006497768847843079
0.9795918367346939,0.6938775510204082,0.46840000000000004,0.004393631755165648
0.9795918367346939,0.7040816326530612,0.45750000000000013,0.004126136207155547
0.9795918367346939,0.7142857142857143,0.43550000000000005,0.004510543204537568
0.9795918367346939,0.7244897959183674,0.4257000000000001,0.003906532989749351
0.9795918367346939,0.7346938775510203,0.4138,0.00383092678081949
0.9795918367346939,0.7448979591836734,0.39350000000000007,0.0031913946794465903
0.9795918367346939,0.7551020408163265,0.38919999999999993,0.005485982136317979
0.9795918367346939,0.7653061224489797,0.3745,0.00554662059275736
0.9795918367346939,0.7755102040816326,0.3598,0.003104190715790513
0.9795918367346939,0.7857142857142857,0.3527,0.002653488270183232
0.9795918367346939,0.7959183673469388,0.34090000000000004,0.0030804220490056183
0.9795918367346939,0.8061224489795918,0.3431,0.0022867006800191365
0.9795918367346939,0.8163265306122449,0.33130000000000004,0.002724151243965723
0.9795918367346939,0.8265306122448979,0.3274,0.0014710540438746644
0.9795918367346939,0.8367346938775511,0.32320000000000004,0.0013696714934611158
0.9795918367346939,0.846938775510204,0.321,0.0025573423705088864
0.9795918367346939,0.8571428571428571,0.305,0.002942787793912434
0.9795918367346939,0.8673469387755102,0.2994,0.00286775173262959
0.9795918367346939,0.8775510204081632,0.293,0.0027784887978899633
0.9795918367346939,0.8877551020408163,0.2924,0.0014573949361789355
0.9795918367346939,0.8979591836734693,0.2873,0.002039852935875523
0.9795918367346939,0.9081632653061225,0.2873,0.0015300326793895591
0.9795918367346939,0.9183673469387755,0.2804,0.002814960035240283
0.9795918367346939,0.9285714285714286,0.27570000000000006,0.0021911184358678524
0.9795918367346939,0.9387755102040816,0.2684,0.0014573949361789355
0.9795918367346939,0.9489795918367347,0.27,0.0020493901531919217
0.9795918367346939,0.9591836734693877,0.2653,0.0014632156368765347
0.9795918367346939,0.9693877551020408,0.26539999999999997,0.0010972693379476173
0.9795918367346939,0.9795918367346939,0.2612,0.0012393546707863744
0.9897959183673469,0.5,1.0,0.0
0.9897959183673469,0.5102040816326531,1.0,0.0
0.9897959183673469,0.5204081632653061,1.0,0.0
0.9897959183673469,0.5306122448979592,1.0,0.0
0.9897959183673469,0.5408163265306123,1.0,0.0
0.9897959183673469,0.5510204081632653,1.0,0.0
0.9897959183673469,0.5612244897959183,1.0,0.0
0.9897959183673469,0.5714285714285714,1.0,0.0
0.9897959183673469,0.5816326530612245,1.0,0.0
0.9897959183673469,0.5918367346938775,0.8696000000000002,0.012861726167198557
0.9897959183673469,0.6020408163265306,0.8004000000000001,0.0060202989958971255
0.9897959183673469,0.6122448979591837,0.7343999999999999,0.010347173527103912
0.9897959183673469,0.6224489795918368,0.673,0.01462190138114739
0.9897959183673469,0.6326530612244898,0.6437,0.008827287239010637
0.9897959183673469,0.6428571428571428,0.6003999999999999,0.007491595290724139
0.9897959183673469,0.653061224489796,0.5666,0.00861301340995124
0.9897959183673469,0.6632653061224489,0.5423,0.006764687723760796
0.9897959183673469,0.673469387755102,0.5186,0.006787046485769784
0.9897959183673469,0.6836734693877551,0.49440000000000006,0.004556753230097062
0.9897959183673469,0.6938775510204082,0.48339999999999994,0.0025424397731313147
0.9897959183673469,0.7040816326530612,0.4605,0.0064035146599348055
0.9897959183673469,0.7142857142857143,0.4481,0.006144021484337436
0.9897959183673469,0.7244897959183674,0.4272,0.004424477370266459
0.9897959183673469,0.7346938775510204,0.40730000000000005,0.004289638679422775
0.9897959183673469,0.7448979591836735,0.40199999999999997,0.0034088121098118577
0.9897959183673469,0.7551020408163265,0.386,0.003964845520319805
0.9897959183673469,0.7653061224489796,0.38670000000000004,0.0035158213834038834
0.9897959183673469,0.7755102040816326,0.37620000000000003,0.004579956331669554
0.9897959183673469,0.7857142857142857,0.3671,0.003014796842243274
0.9897959183673469,0.7959183673469388,0.35469999999999996,0.002449693858423948
0.9897959183673469,0.8061224489795918,0.34750000000000003,0.0037047267105685382
0.9897959183673469,0.8163265306122449,0.3418,0.0022396428286671015
0.9897959183673469,0.8265306122448979,0.33120000000000005,0.00295228724889703
0.9897959183673469,0.8367346938775511,0.33030000000000004,0.0027131162894354554
0.9897959183673469,0.846938775510204,0.3177,0.0032864874866641467
0.9897959183673469,0.8571428571428571,0.31829999999999997,0.0032126313202731475
0.9897959183673469,0.8673469387755102,0.30909999999999993,0.0018732325002519057
0.9897959183673469,0.8775510204081634,0.3007,0.001954737834084153
0.9897959183673469,0.8877551020408163,0.3034,0.0018449932249198114
0.9897959183673469,0.8979591836734694,0.2993,0.0017891338686638306
0.9897959183673469,0.9081632653061225,0.2907,0.0017207556479639967
0.9897959183673469,0.9183673469387754,0.2859999999999999,0.0010392304845413245
0.9897959183673469,0.9285714285714286,0.28400000000000003,0.0015099668870541445
0.9897959183673469,0.9387755102040816,0.2807,0.0015940514420808329
0.9897959183673469,0.9489795918367347,0.27940000000000004,0.0010119288512538771
0.9897959183673469,0.9591836734693877,0.2747,0.0011751595636338083
0.9897959183673469,0.9693877551020409,0.2705,0.0011510864433221348
0.9897959183673469,0.9795918367346939,0.2696,0.0006033241251599347
0.9897959183673469,0.9897959183673469,0.2662,0.0011983321743156204
1.0,0.5,1.0,0.0
1.0,0.5102040816326531,1.0,0.0
1.0,0.5204081632653061,1.0,0.0
1.0,0.5306122448979592,1.0,0.0
1.0,0.5408163265306123,1.0,0.0
1.0,0.5510204081632653,1.0,0.0
1.0,0.5612244897959183,1.0,0.0
1.0,0.5714285714285714,1.0,0.0
1.0,0.5816326530612245,1.0,0.0
1.0,0.5918367346938775,0.8939999999999999,0.015431785379534026
1.0,0.6020408163265306,0.8153,0.012145822327039034
1.0,0.6122448979591837,0.7335999999999999,0.007405673500769534
1.0,0.6224489795918368,0.6750999999999999,0.008255240759662913
1.0,0.6326530612244898,0.6435000000000001,0.010894264546081122
1.0,0.6428571428571428,0.6043000000000001,0.006105816898663115
1.0,0.653061224489796,0.5811,0.006147275819417895
1.0,0.6632653061224489,0.5502,0.007726318657679082
1.0,0.673469387755102,0.5323,0.005702718649907258
1.0,0.6836734693877551,0.5109000000000001,0.004124196891517187
1.0,0.6938775510204082,0.4949,0.004446234361794259
1.0,0.7040816326530612,0.46690000000000004,0.007505264818778881
1.0,0.7142857142857143,0.45089999999999997,0.0063015077560850475
1.0,0.7244897959183674,0.42479999999999996,0.0061867600567663845
1.0,0.7346938775510204,0.42780000000000007,0.005226471084776038
1.0,0.7448979591836735,0.40590000000000004,0.005584711272751706
1.0,0.7551020408163265,0.4029,0.0035198011307458793
1.0,0.7653061224489797,0.3949,0.0046614375465085876
1.0,0.7755102040816326,0.38260000000000005,0.0021642550681470075
1.0,0.7857142857142857,0.37120000000000003,0.003757126561615941
1.0,0.7959183673469388,0.366,0.003101612483854167
1.0,0.8061224489795918,0.3529,0.002547351565842451
1.0,0.8163265306122449,0.3518,0.0030324907254598464
1.0,0.8265306122448979,0.3433999999999999,0.004190942614734777
1.0,0.8367346938775511,0.3349000000000001,0.0024308434750102688
1.0,0.846938775510204,0.3306,0.003379940827884416
1.0,0.8571428571428572,0.32339999999999997,0.00208901890848312
1.0,0.8673469387755102,0.3174,0.002131666015115878
1.0,0.8775510204081632,0.3144,0.001871897433087616
1.0,0.8877551020408163,0.308,0.002121320343559644
1.0,0.8979591836734694,0.30410000000000004,0.0016028100324118276
1.0,0.9081632653061225,0.30169999999999997,0.0015036621961065603
1.0,0.9183673469387755,0.2981,0.0012996153277027795
1.0,0.9285714285714286,0.2926,0.0014366627996854392
1.0,0.9387755102040816,0.2892,0.0012066482503198695
1.0,0.9489795918367347,0.28500000000000003,0.0009899494936611653
1.0,0.9591836734693877,0.2822,0.0012393546707863677
1.0,0.9693877551020409,0.2791,0.0007930952023559298
1.0,0.9795918367346939,0.27420000000000005,0.0008694826047713671
1.0,0.9897959183673469,0.2721,0.0004571651780264988
1.0,1.0,0.27,0.0
