#Time elapsed: 14793.183465003967
#alpha: 0.27, px1: 0.25, px2: 0.25, T max: 2000, n realizations: 10, n nodes: 1000, p: 0.8, ns: 50
#s1_s2_x_errx
0.5,nan,0.3436,0.0024746716953971846
0.5102040816326531,0.5,1.0,0.0
0.5102040816326531,0.5102040816326531,0.0,0.0
0.5204081632653061,0.5,1.0,0.0
0.5204081632653061,0.5102040816326531,0.0,0.0
0.5204081632653061,0.5204081632653061,0.0,0.0
0.5306122448979592,0.5,1.0,0.0
0.5306122448979592,0.5102040816326531,0.5616000000000001,0.11449875108489174
0.5306122448979592,0.5204081632653061,0.0,0.0
0.5306122448979592,0.5306122448979592,0.0,0.0
0.5408163265306123,0.5,1.0,0.0
0.5408163265306123,0.5102040816326531,1.0,0.0
0.5408163265306123,0.5204081632653061,0.0,0.0
0.5408163265306123,0.5306122448979592,0.0,0.0
0.5408163265306123,0.5408163265306123,0.0,0.0
0.5510204081632653,0.5,1.0,0.0
0.5510204081632653,0.5102040816326531,1.0,0.0
0.5510204081632653,0.5204081632653061,0.16199999999999998,0.09361420832330955
0.5510204081632653,0.5306122448979591,0.0,0.0
0.5510204081632653,0.5408163265306122,0.0,0.0
0.5510204081632653,0.5510204081632653,0.0,0.0
0.5612244897959183,0.5,1.0,0.0
0.5612244897959183,0.5102040816326531,1.0,0.0
0.5612244897959183,0.5204081632653061,0.9707000000000001,0.014919819033755064
0.5612244897959183,0.5306122448979591,0.0,0.0
0.5612244897959183,0.5408163265306122,0.0,0.0
0.5612244897959183,0.5510204081632653,0.0,0.0
0.5612244897959183,0.5612244897959183,0.0,0.0
0.5714285714285714,0.5,1.0,0.0
0.5714285714285714,0.5102040816326531,1.0,0.0
0.5714285714285714,0.5204081632653061,1.0,0.0
0.5714285714285714,0.5306122448979592,0.0477,0.027149235716682707
0.5714285714285714,0.5408163265306122,0.0,0.0
0.5714285714285714,0.5510204081632653,0.0,0.0
0.5714285714285714,0.5612244897959183,0.0,0.0
0.5714285714285714,0.5714285714285714,0.0,0.0
0.5816326530612245,0.5,1.0,0.0
0.5816326530612245,0.5102040816326531,1.0,0.0
0.5816326530612245,0.5204081632653061,1.0,0.0
0.5816326530612245,0.5306122448979592,0.47450000000000003,0.0523142905906216
0.5816326530612245,0.5408163265306123,0.0,0.0
0.5816326530612245,0.5510204081632653,0.0,0.0
0.5816326530612245,0.5612244897959183,0.0,0.0
0.5816326530612245,0.5714285714285714,0.0,0.0
0.5816326530612245,0.5816326530612245,0.0,0.0
0.5918367346938775,0.5,1.0,0.0
0.5918367346938775,0.5102040816326531,1.0,0.0
0.5918367346938775,0.5204081632653061,1.0,0.0
0.5918367346938775,0.5306122448979592,0.8365,0.054728648804807885
0.5918367346938775,0.5408163265306123,0.0156,0.014799459449588015
0.5918367346938775,0.5510204081632653,0.0,0.0
0.5918367346938775,0.5612244897959183,0.0,0.0
0.5918367346938775,0.5714285714285714,0.0,0.0
0.5918367346938775,0.5816326530612245,0.0,0.0
0.5918367346938775,0.5918367346938775,0.0,0.0
0.6020408163265306,0.5,1.0,0.0
0.6020408163265306,0.5102040816326531,1.0,0.0
0.6020408163265306,0.5204081632653061,1.0,0.0
0.6020408163265306,0.5306122448979592,0.9777000000000001,0.021155637546526457
0.6020408163265306,0.5408163265306123,0.34920000000000007,0.033762938260761606
0.6020408163265306,0.5510204081632653,0.0,0.0
0.6020408163265306,0.5612244897959183,0.0,0.0
0.6020408163265306,0.5714285714285714,0.0,0.0
0.6020408163265306,0.5816326530612245,0.0,0.0
0.6020408163265306,0.5918367346938775,0.0,0.0
0.6020408163265306,0.6020408163265306,0.0,0.0
0.6122448979591837,0.5,1.0,0.0
0.6122448979591837,0.5102040816326531,1.0,0.0
0.6122448979591837,0.5204081632653061,1.0,0.0
0.6122448979591837,0.5306122448979592,1.0,0.0
0.6122448979591837,0.5408163265306123,0.5012000000000001,0.025594843230619717
0.6122448979591837,0.5510204081632653,0.1049,0.03477281984539073
0.6122448979591837,0.5612244897959183,0.0,0.0
0.6122448979591837,0.5714285714285714,0.0,0.0
0.6122448979591837,0.5816326530612245,0.0,0.0
0.6122448979591837,0.5918367346938775,0.0,0.0
0.6122448979591837,0.6020408163265306,0.0,0.0
0.6122448979591837,0.6122448979591837,0.0,0.0
0.6224489795918368,0.5,1.0,0.0
0.6224489795918368,0.5102040816326531,1.0,0.0
0.6224489795918368,0.5204081632653061,1.0,0.0
0.6224489795918368,0.5306122448979592,1.0,0.0
0.6224489795918368,0.5408163265306123,0.7297,0.03815889149333349
0.6224489795918368,0.5510204081632654,0.38049999999999995,0.029561207688455486
0.6224489795918368,0.5612244897959184,0.0,0.0
0.6224489795918368,0.5714285714285714,0.0,0.0
0.6224489795918368,0.5816326530612245,0.0,0.0
0.6224489795918368,0.5918367346938775,0.0,0.0
0.6224489795918368,0.6020408163265306,0.0,0.0
0.6224489795918368,0.6122448979591837,0.0,0.0
0.6224489795918368,0.6224489795918368,0.0,0.0
0.6326530612244898,0.5,1.0,0.0
0.6326530612244898,0.5102040816326531,1.0,0.0
0.6326530612244898,0.5204081632653061,1.0,0.0
0.6326530612244898,0.5306122448979592,1.0,0.0
0.6326530612244898,0.5408163265306123,0.8969999999999999,0.04393540713365474
0.6326530612244898,0.5510204081632654,0.4367000000000001,0.039261698893450846
0.6326530612244898,0.5612244897959184,0.144,0.03258557963271483
0.6326530612244898,0.5714285714285714,0.0,0.0
0.6326530612244898,0.5816326530612245,0.0,0.0
0.6326530612244898,0.5918367346938775,0.0,0.0
0.6326530612244898,0.6020408163265306,0.0,0.0
0.6326530612244898,0.6122448979591837,0.0,0.0
0.6326530612244898,0.6224489795918368,0.0,0.0
0.6326530612244898,0.6326530612244898,0.0,0.0
0.6428571428571428,0.5,1.0,0.0
0.6428571428571428,0.5102040816326531,1.0,0.0
0.6428571428571428,0.5204081632653061,1.0,0.0
0.6428571428571428,0.5306122448979592,1.0,0.0
0.6428571428571428,0.5408163265306122,0.9937999999999999,0.004044255184826994
0.6428571428571428,0.5510204081632653,0.5953999999999999,0.0317626195393264
0.6428571428571428,0.5612244897959183,0.3075,0.0175751244661311
0.6428571428571428,0.5714285714285714,0.1186,0.029004551366983766
0.6428571428571428,0.5816326530612245,0.0,0.0
0.6428571428571428,0.5918367346938775,0.0,0.0
0.6428571428571428,0.6020408163265306,0.0,0.0
0.6428571428571428,0.6122448979591836,0.0,0.0
0.6428571428571428,0.6224489795918366,0.0,0.0
0.6428571428571428,0.6326530612244897,0.0,0.0
0.6428571428571428,0.6428571428571428,0.0,0.0
0.653061224489796,0.5,1.0,0.0
0.653061224489796,0.5102040816326531,1.0,0.0
0.653061224489796,0.5204081632653061,1.0,0.0
0.653061224489796,0.5306122448979592,1.0,0.0
0.653061224489796,0.5408163265306123,1.0,0.0
0.653061224489796,0.5510204081632654,0.6414000000000001,0.03176671213707833
0.653061224489796,0.5612244897959184,0.3857,0.024452423192804433
0.653061224489796,0.5714285714285714,0.25050000000000006,0.022473651238728427
0.653061224489796,0.5816326530612246,0.0738,0.02923073724694606
0.653061224489796,0.5918367346938775,0.0,0.0
0.653061224489796,0.6020408163265306,0.0,0.0
0.653061224489796,0.6122448979591837,0.0,0.0
0.653061224489796,0.6224489795918368,0.0,0.0
0.653061224489796,0.6326530612244898,0.0,0.0
0.653061224489796,0.6428571428571429,0.0,0.0
0.653061224489796,0.653061224489796,0.0,0.0
0.6632653061224489,0.5,1.0,0.0
0.6632653061224489,0.5102040816326531,1.0,0.0
0.6632653061224489,0.5204081632653061,1.0,0.0
0.6632653061224489,0.5306122448979592,1.0,0.0
0.6632653061224489,0.5408163265306123,1.0,0.0
0.6632653061224489,0.5510204081632653,0.7436,0.03223947890397734
0.6632653061224489,0.5612244897959183,0.49219999999999997,0.028951614808158797
0.6632653061224489,0.5714285714285714,0.3266,0.017988996636833305
0.6632653061224489,0.5816326530612245,0.1851,0.031528542624104906
0.6632653061224489,0.5918367346938775,0.028600000000000004,0.01830803102466237
0.6632653061224489,0.6020408163265306,0.0,0.0
0.6632653061224489,0.6122448979591837,0.0,0.0
0.6632653061224489,0.6224489795918366,0.0,0.0
0.6632653061224489,0.6326530612244898,0.0,0.0
0.6632653061224489,0.6428571428571428,0.0,0.0
0.6632653061224489,0.6530612244897959,0.0,0.0
0.6632653061224489,0.6632653061224489,0.0,0.0
0.673469387755102,0.5,1.0,0.0
0.673469387755102,0.5102040816326531,1.0,0.0
0.673469387755102,0.5204081632653061,1.0,0.0
0.673469387755102,0.5306122448979592,1.0,0.0
0.673469387755102,0.5408163265306123,1.0,0.0
0.673469387755102,0.5510204081632653,0.7903,0.03753559643858081
0.673469387755102,0.5612244897959183,0.5709,0.014762418501045144
0.673469387755102,0.5714285714285714,0.3671,0.020765090897946963
0.673469387755102,0.5816326530612245,0.2618,0.014381794046641048
0.673469387755102,0.5918367346938775,0.15599999999999997,0.009008884503644166
0.673469387755102,0.6020408163265306,0.004,0.003127299154222378
0.673469387755102,0.6122448979591837,0.0,0.0
0.673469387755102,0.6224489795918368,0.0,0.0
0.673469387755102,0.6326530612244898,0.0,0.0
0.673469387755102,0.6428571428571428,0.0,0.0
0.673469387755102,0.6530612244897959,0.0,0.0
0.673469387755102,0.6632653061224489,0.0,0.0
0.673469387755102,0.673469387755102,0.0,0.0
0.6836734693877551,0.5,1.0,0.0
0.6836734693877551,0.5102040816326531,1.0,0.0
0.6836734693877551,0.5204081632653061,1.0,0.0
0.6836734693877551,0.5306122448979592,1.0,0.0
0.6836734693877551,0.5408163265306123,1.0,0.0
0.6836734693877551,0.5510204081632653,0.9688000000000001,0.0204146026167545
0.6836734693877551,0.5612244897959183,0.6005999999999999,0.024347566613524226
0.6836734693877551,0.5714285714285714,0.4192,0.017164964316886883
0.6836734693877551,0.5816326530612245,0.32409999999999994,0.01376477388117945
0.6836734693877551,0.5918367346938775,0.21990000000000004,0.008351586675596441
0.6836734693877551,0.6020408163265306,0.1506,0.02299791294878733
0.6836734693877551,0.6122448979591837,0.027600000000000003,0.01531939946603652
0.6836734693877551,0.6224489795918368,0.0,0.0
0.6836734693877551,0.6326530612244898,0.0,0.0
0.6836734693877551,0.6428571428571428,0.0,0.0
0.6836734693877551,0.653061224489796,0.0,0.0
0.6836734693877551,0.6632653061224489,0.0,0.0
0.6836734693877551,0.673469387755102,0.0,0.0
0.6836734693877551,0.6836734693877551,0.0,0.0
0.6938775510204082,0.5,1.0,0.0
0.6938775510204082,0.5102040816326531,1.0,0.0
0.6938775510204082,0.5204081632653061,1.0,0.0
0.6938775510204082,0.5306122448979592,1.0,0.0
0.6938775510204082,0.5408163265306123,1.0,0.0
0.6938775510204082,0.5510204081632653,1.0,0.0
0.6938775510204082,0.5612244897959183,0.6490999999999999,0.021391330019426096
0.6938775510204082,0.5714285714285714,0.4809,0.013290184347856131
0.6938775510204082,0.5816326530612245,0.3814,0.01481094190117563
0.6938775510204082,0.5918367346938775,0.3058,0.01624610722604033
0.6938775510204082,0.6020408163265306,0.2306,0.012698976336697382
0.6938775510204082,0.6122448979591837,0.1455,0.012280268726701382
0.6938775510204082,0.6224489795918368,0.05,0.019751455642559614
0.6938775510204082,0.6326530612244898,0.0,0.0
0.6938775510204082,0.6428571428571428,0.0,0.0
0.6938775510204082,0.653061224489796,0.0,0.0
0.6938775510204082,0.6632653061224489,0.0,0.0
0.6938775510204082,0.673469387755102,0.0,0.0
0.6938775510204082,0.6836734693877551,0.0,0.0
0.6938775510204082,0.6938775510204082,0.0,0.0
0.7040816326530612,0.5,1.0,0.0
0.7040816326530612,0.5102040816326531,1.0,0.0
0.7040816326530612,0.5204081632653061,1.0,0.0
0.7040816326530612,0.5306122448979592,1.0,0.0
0.7040816326530612,0.5408163265306123,1.0,0.0
0.7040816326530612,0.5510204081632653,1.0,0.0
0.7040816326530612,0.5612244897959183,0.7453000000000001,0.02289106812711019
0.7040816326530612,0.5714285714285714,0.5478,0.01548986765598725
0.7040816326530612,0.5816326530612245,0.43080000000000007,0.013873571998587816
0.7040816326530612,0.5918367346938775,0.33009999999999995,0.01443914817432109
0.7040816326530612,0.6020408163265306,0.2649,0.017526237474141445
0.7040816326530612,0.6122448979591837,0.18989999999999999,0.016199043181620326
0.7040816326530612,0.6224489795918368,0.14890000000000003,0.007633413391137676
0.7040816326530612,0.6326530612244898,0.0446,0.012761818052299602
0.7040816326530612,0.6428571428571428,0.011800000000000001,0.007623385074886352
0.7040816326530612,0.653061224489796,0.0,0.0
0.7040816326530612,0.6632653061224489,0.0,0.0
0.7040816326530612,0.673469387755102,0.0,0.0
0.7040816326530612,0.6836734693877551,0.0,0.0
0.7040816326530612,0.6938775510204082,0.0,0.0
0.7040816326530612,0.7040816326530612,0.0,0.0
0.7142857142857143,0.5,1.0,0.0
0.7142857142857143,0.5102040816326531,1.0,0.0
0.7142857142857143,0.5204081632653061,1.0,0.0
0.7142857142857143,0.5306122448979592,1.0,0.0
0.7142857142857143,0.5408163265306123,1.0,0.0
0.7142857142857143,0.5510204081632653,1.0,0.0
0.7142857142857143,0.5612244897959183,0.8119,0.025390726653642663
0.7142857142857143,0.5714285714285714,0.6009,0.02182954420046373
0.7142857142857143,0.5816326530612245,0.4779,0.01555149510497303
0.7142857142857143,0.5918367346938775,0.40729999999999994,0.008818219774988601
0.7142857142857143,0.6020408163265306,0.3146,0.012159934210348344
0.7142857142857143,0.6122448979591837,0.23280000000000003,0.01216536066049831
0.7142857142857143,0.6224489795918368,0.2112,0.009509784434991153
0.7142857142857143,0.6326530612244898,0.1541,0.008939183407895823
0.7142857142857143,0.6428571428571428,0.0716,0.012774349298496575
0.7142857142857143,0.653061224489796,0.0225,0.011362438118643374
0.7142857142857143,0.6632653061224489,0.0,0.0
0.7142857142857143,0.6734693877551021,0.0,0.0
0.7142857142857143,0.6836734693877551,0.0,0.0
0.7142857142857143,0.6938775510204082,0.0,0.0
0.7142857142857143,0.7040816326530612,0.0,0.0
0.7142857142857143,0.7142857142857143,0.0,0.0
0.7244897959183674,0.5,1.0,0.0
0.7244897959183674,0.5102040816326531,1.0,0.0
0.7244897959183674,0.5204081632653061,1.0,0.0
0.7244897959183674,0.5306122448979592,1.0,0.0
0.7244897959183674,0.5408163265306123,1.0,0.0
0.7244897959183674,0.5510204081632653,1.0,0.0
0.7244897959183674,0.5612244897959183,0.8218,0.019400412366751378
0.7244897959183674,0.5714285714285714,0.635,0.017464249196572978
0.7244897959183674,0.5816326530612245,0.5098,0.01892183923407024
0.7244897959183674,0.5918367346938775,0.442,0.012228654872879519
0.7244897959183674,0.6020408163265306,0.34639999999999993,0.009558451757476208
0.7244897959183674,0.6122448979591837,0.2824,0.010352970588193514
0.7244897959183674,0.6224489795918368,0.24269999999999997,0.013982882392411085
0.7244897959183674,0.6326530612244898,0.20390000000000003,0.008171230017567734
0.7244897959183674,0.6428571428571429,0.16740000000000002,0.006677125129874383
0.7244897959183674,0.653061224489796,0.1016,0.012921455026427943
0.7244897959183674,0.6632653061224489,0.0756,0.017377686842615158
0.7244897959183674,0.6734693877551021,0.0066,0.004817053041019997
0.7244897959183674,0.6836734693877551,0.0,0.0
0.7244897959183674,0.6938775510204082,0.0,0.0
0.7244897959183674,0.7040816326530612,0.0,0.0
0.7244897959183674,0.7142857142857143,0.0,0.0
0.7244897959183674,0.7244897959183674,0.0,0.0
0.7346938775510204,0.5,1.0,0.0
0.7346938775510204,0.5102040816326531,1.0,0.0
0.7346938775510204,0.5204081632653061,1.0,0.0
0.7346938775510204,0.5306122448979592,1.0,0.0
0.7346938775510204,0.5408163265306123,1.0,0.0
0.7346938775510204,0.5510204081632654,1.0,0.0
0.7346938775510204,0.5612244897959183,0.8976,0.03190523468022136
0.7346938775510204,0.5714285714285714,0.6959,0.011815625247950271
0.7346938775510204,0.5816326530612245,0.5439,0.015103939883354935
0.7346938775510204,0.5918367346938775,0.49219999999999997,0.012724621801845432
0.7346938775510204,0.6020408163265306,0.393,0.009054280755532156
0.7346938775510204,0.6122448979591837,0.31229999999999997,0.01315526510565256
0.7346938775510204,0.6224489795918368,0.276,0.012884098726725125
0.7346938775510204,0.6326530612244898,0.20790000000000003,0.005910076141641494
0.7346938775510204,0.6428571428571429,0.20870000000000002,0.009924766999783924
0.7346938775510204,0.653061224489796,0.1669,0.009673107049960728
0.7346938775510204,0.6632653061224489,0.13970000000000002,0.007651209054783433
0.7346938775510204,0.6734693877551021,0.0943,0.017187233634299616
0.7346938775510204,0.6836734693877551,0.045399999999999996,0.014322848878627462
0.7346938775510204,0.6938775510204082,0.015,0.009663332758422426
0.7346938775510204,0.7040816326530612,0.0,0.0
0.7346938775510204,0.7142857142857143,0.0,0.0
0.7346938775510204,0.7244897959183674,0.0,0.0
0.7346938775510204,0.7346938775510204,0.0,0.0
0.7448979591836735,0.5,1.0,0.0
0.7448979591836735,0.5102040816326531,1.0,0.0
0.7448979591836735,0.5204081632653061,1.0,0.0
0.7448979591836735,0.5306122448979592,1.0,0.0
0.7448979591836735,0.5408163265306123,1.0,0.0
0.7448979591836735,0.5510204081632654,1.0,0.0
0.7448979591836735,0.5612244897959184,0.9410999999999999,0.02556538675631566
0.7448979591836735,0.5714285714285714,0.6998,0.013039785274305707
0.7448979591836735,0.5816326530612245,0.5744999999999999,0.012730475246431295
0.7448979591836735,0.5918367346938775,0.4734,0.0105813042674332
0.7448979591836735,0.6020408163265306,0.3921,0.009534621125141784
0.7448979591836735,0.6122448979591837,0.35910000000000003,0.013931582824647024
0.7448979591836735,0.6224489795918368,0.2994,0.010489232574406957
0.7448979591836735,0.6326530612244898,0.24690000000000004,0.010606083160149177
0.7448979591836735,0.6428571428571429,0.22879999999999998,0.011776077445397512
0.7448979591836735,0.653061224489796,0.1769,0.010371547618364386
0.7448979591836735,0.6632653061224489,0.16299999999999998,0.009494208761134335
0.7448979591836735,0.6734693877551021,0.14089999999999997,0.011638255883078012
0.7448979591836735,0.6836734693877551,0.10139999999999998,0.006641084248825639
0.7448979591836735,0.6938775510204082,0.10310000000000001,0.01436485294042372
0.7448979591836735,0.7040816326530612,0.0504,0.01150321694136036
0.7448979591836735,0.7142857142857143,0.0116,0.007370481666756928
0.7448979591836735,0.7244897959183674,0.008299999999999998,0.005495543649176121
0.7448979591836735,0.7346938775510204,0.0,0.0
0.7448979591836735,0.7448979591836735,0.0,0.0
0.7551020408163265,0.5,1.0,0.0
0.7551020408163265,0.5102040816326531,1.0,0.0
0.7551020408163265,0.5204081632653061,1.0,0.0
0.7551020408163265,0.5306122448979592,1.0,0.0
0.7551020408163265,0.5408163265306123,1.0,0.0
0.7551020408163265,0.5510204081632653,1.0,0.0
0.7551020408163265,0.5612244897959183,0.9849,0.012917004296662598
0.7551020408163265,0.5714285714285714,0.7351,0.011733243370867235
0.7551020408163265,0.5816326530612245,0.6059,0.016096863048432754
0.7551020408163265,0.5918367346938775,0.49639999999999995,0.013879625355174395
0.7551020408163265,0.6020408163265306,0.47169999999999995,0.008609355376565656
0.7551020408163265,0.6122448979591837,0.39379999999999993,0.011501999826117193
0.7551020408163265,0.6224489795918366,0.32720000000000005,0.012506638237352192
0.7551020408163265,0.6326530612244898,0.3038,0.005425495369088432
0.7551020408163265,0.6428571428571428,0.2511,0.011307917580173635
0.7551020408163265,0.6530612244897959,0.21350000000000002,0.009198097629401419
0.7551020408163265,0.6632653061224489,0.1917,0.01251083530384762
0.7551020408163265,0.673469387755102,0.1547,0.00686593038123749
0.7551020408163265,0.6836734693877551,0.1513,0.004171450587026051
0.7551020408163265,0.6938775510204082,0.13099999999999998,0.010670520137275407
0.7551020408163265,0.7040816326530612,0.11059999999999999,0.00585354593387632
0.7551020408163265,0.7142857142857142,0.10640000000000001,0.007109430356927339
0.7551020408163265,0.7244897959183673,0.0619,0.010907291139416788
0.7551020408163265,0.7346938775510203,0.0372,0.011050610842844841
0.7551020408163265,0.7448979591836734,0.0039,0.0036998648623970043
0.7551020408163265,0.7551020408163265,0.0,0.0
0.7653061224489797,0.5,1.0,0.0
0.7653061224489797,0.5102040816326531,1.0,0.0
0.7653061224489797,0.5204081632653061,1.0,0.0
0.7653061224489797,0.5306122448979592,1.0,0.0
0.7653061224489797,0.5408163265306123,1.0,0.0
0.7653061224489797,0.5510204081632654,1.0,0.0
0.7653061224489797,0.5612244897959184,1.0,0.0
0.7653061224489797,0.5714285714285714,0.8112,0.018063665187331168
0.7653061224489797,0.5816326530612245,0.6479999999999999,0.01056503667764575
0.7653061224489797,0.5918367346938775,0.5367,0.011923128784006316
0.7653061224489797,0.6020408163265306,0.47430000000000005,0.01291979101998171
0.7653061224489797,0.6122448979591837,0.4262999999999999,0.007783379728626889
0.7653061224489797,0.6224489795918368,0.3735,0.012380831959121324
0.7653061224489797,0.6326530612244898,0.32530000000000003,0.01467109402873555
0.7653061224489797,0.6428571428571429,0.2667,0.009871220795828648
0.7653061224489797,0.653061224489796,0.26649999999999996,0.012384869801495694
0.7653061224489797,0.663265306122449,0.22410000000000002,0.010531334198476468
0.7653061224489797,0.6734693877551021,0.20509999999999998,0.008363551877043629
0.7653061224489797,0.6836734693877551,0.16260000000000002,0.005409621058817338
0.7653061224489797,0.6938775510204083,0.1512,0.009969754259759865
0.7653061224489797,0.7040816326530612,0.13109999999999997,0.008128283951732986
0.7653061224489797,0.7142857142857144,0.11040000000000001,0.015779226850514572
0.7653061224489797,0.7244897959183674,0.10739999999999998,0.008147637694448618
0.7653061224489797,0.7346938775510204,0.10229999999999999,0.007881687636540796
0.7653061224489797,0.7448979591836735,0.0698,0.01183621561141905
0.7653061224489797,0.7551020408163266,0.0561,0.015023614744794276
0.7653061224489797,0.7653061224489797,0.021,0.00983564944474944
0.7755102040816326,0.5,1.0,0.0
0.7755102040816326,0.5102040816326531,1.0,0.0
0.7755102040816326,0.5204081632653061,1.0,0.0
0.7755102040816326,0.5306122448979592,1.0,0.0
0.7755102040816326,0.5408163265306123,1.0,0.0
0.7755102040816326,0.5510204081632653,1.0,0.0
0.7755102040816326,0.5612244897959183,1.0,0.0
0.7755102040816326,0.5714285714285714,0.7975,0.01311049198161533
0.7755102040816326,0.5816326530612245,0.6475,0.011667261889578038
0.7755102040816326,0.5918367346938775,0.5892000000000001,0.010446817697270303
0.7755102040816326,0.6020408163265306,0.49770000000000003,0.010678061621848792
0.7755102040816326,0.6122448979591837,0.4242,0.012510635475466464
0.7755102040816326,0.6224489795918368,0.3782,0.008855280910281729
0.7755102040816326,0.6326530612244898,0.35700000000000004,0.008318653737234167
0.7755102040816326,0.6428571428571428,0.32289999999999996,0.008296324487385964
0.7755102040816326,0.653061224489796,0.2706,0.007842448597217578
0.7755102040816326,0.6632653061224489,0.2408,0.008494468788570594
0.7755102040816326,0.673469387755102,0.23850000000000002,0.007013201836536578
0.7755102040816326,0.6836734693877551,0.2209,0.008037972381141902
0.7755102040816326,0.6938775510204082,0.17869999999999997,0.007329461098880326
0.7755102040816326,0.7040816326530612,0.16699999999999998,0.006857113095173509
0.7755102040816326,0.7142857142857143,0.1621,0.00426720048743904
0.7755102040816326,0.7244897959183674,0.1453,0.008627919795640199
0.7755102040816326,0.7346938775510203,0.1129,0.00591345922451487
0.7755102040816326,0.7448979591836734,0.1056,0.008861376868184764
0.7755102040816326,0.7551020408163265,0.1026,0.00826704300218645
0.7755102040816326,0.7653061224489796,0.0863,0.009075296138418844
0.7755102040816326,0.7755102040816326,0.07510000000000001,0.008977137628442596
0.7857142857142857,0.5,1.0,0.0
0.7857142857142857,0.5102040816326531,1.0,0.0
0.7857142857142857,0.5204081632653061,1.0,0.0
0.7857142857142857,0.5306122448979592,1.0,0.0
0.7857142857142857,0.5408163265306123,1.0,0.0
0.7857142857142857,0.5510204081632653,1.0,0.0
0.7857142857142857,0.5612244897959183,1.0,0.0
0.7857142857142857,0.5714285714285714,0.8488,0.025301699547658853
0.7857142857142857,0.5816326530612245,0.6933999999999999,0.013403133961876224
0.7857142857142857,0.5918367346938775,0.6157,0.010461405259333001
0.7857142857142857,0.6020408163265306,0.5426,0.013297518565506868
0.7857142857142857,0.6122448979591837,0.433,0.009025519375637059
0.7857142857142857,0.6224489795918368,0.41800000000000004,0.008241359111214607
0.7857142857142857,0.6326530612244898,0.3833,0.010081716123755913
0.7857142857142857,0.6428571428571428,0.3336,0.011166198995181842
0.7857142857142857,0.6530612244897959,0.29779999999999995,0.006180291255272684
0.7857142857142857,0.6632653061224489,0.27759999999999996,0.008448905254528542
0.7857142857142857,0.673469387755102,0.2538,0.009055164272391747
0.7857142857142857,0.6836734693877551,0.219,0.005704384278780664
0.7857142857142857,0.6938775510204082,0.21459999999999999,0.006680119759405514
0.7857142857142857,0.7040816326530612,0.1895,0.007151573253487655
0.7857142857142857,0.7142857142857143,0.18319999999999997,0.009496104464463306
0.7857142857142857,0.7244897959183674,0.1654,0.007810505745468727
0.7857142857142857,0.7346938775510203,0.1376,0.007968939703624316
0.7857142857142857,0.7448979591836734,0.1327,0.006590978683018174
0.7857142857142857,0.7551020408163265,0.1365,0.008698563099730897
0.7857142857142857,0.7653061224489797,0.1117,0.007453925140488063
0.7857142857142857,0.7755102040816326,0.10729999999999999,0.004868367282775613
0.7857142857142857,0.7857142857142857,0.0913,0.006819164171656231
0.7959183673469388,0.5,1.0,0.0
0.7959183673469388,0.5102040816326531,1.0,0.0
0.7959183673469388,0.5204081632653061,1.0,0.0
0.7959183673469388,0.5306122448979592,1.0,0.0
0.7959183673469388,0.5408163265306123,1.0,0.0
0.7959183673469388,0.5510204081632653,1.0,0.0
0.7959183673469388,0.5612244897959183,1.0,0.0
0.7959183673469388,0.5714285714285714,0.8552,0.03046499630723759
0.7959183673469388,0.5816326530612245,0.7402,0.011095764957856672
0.7959183673469388,0.5918367346938775,0.6131,0.01016115150954852
0.7959183673469388,0.6020408163265306,0.568,0.017422399375516564
0.7959183673469388,0.6122448979591837,0.47680000000000006,0.007407833691437735
0.7959183673469388,0.6224489795918368,0.43279999999999996,0.008213160171334784
0.7959183673469388,0.6326530612244898,0.38960000000000006,0.013818972465418695
0.7959183673469388,0.6428571428571428,0.35440000000000005,0.008618816624107977
0.7959183673469388,0.653061224489796,0.3069,0.010069210495366557
0.7959183673469388,0.6632653061224489,0.2853,0.01395353001931769
0.7959183673469388,0.673469387755102,0.2739,0.009554527722498896
0.7959183673469388,0.6836734693877551,0.25220000000000004,0.008385463612705023
0.7959183673469388,0.6938775510204082,0.2383,0.005628587744718919
0.7959183673469388,0.7040816326530612,0.2049,0.008695343581480837
0.7959183673469388,0.7142857142857143,0.1988,0.010275991436352992
0.7959183673469388,0.7244897959183674,0.17889999999999998,0.0045835575702722455
0.7959183673469388,0.7346938775510204,0.1708,0.007436128024718239
0.7959183673469388,0.7448979591836735,0.15469999999999998,0.005180830049326071
0.7959183673469388,0.7551020408163265,0.14229999999999998,0.005834466556592811
0.7959183673469388,0.7653061224489797,0.1236,0.005831294881928027
0.7959183673469388,0.7755102040816326,0.13599999999999998,0.0060580524923443835
0.7959183673469388,0.7857142857142857,0.11739999999999999,0.004716354524418197
0.7959183673469388,0.7959183673469388,0.0967,0.006015064421932653
0.8061224489795918,0.5,1.0,0.0
0.8061224489795918,0.5102040816326531,1.0,0.0
0.8061224489795918,0.5204081632653061,1.0,0.0
0.8061224489795918,0.5306122448979592,1.0,0.0
0.8061224489795918,0.5408163265306123,1.0,0.0
0.8061224489795918,0.5510204081632653,1.0,0.0
0.8061224489795918,0.5612244897959183,1.0,0.0
0.8061224489795918,0.5714285714285714,0.9269999999999999,0.02376005050499682
0.8061224489795918,0.5816326530612245,0.7424,0.018165461733740756
0.8061224489795918,0.5918367346938775,0.6739,0.008754941461825996
0.8061224489795918,0.6020408163265306,0.5690999999999999,0.007694738462092125
0.8061224489795918,0.6122448979591837,0.5025000000000001,0.009623149172698091
0.8061224489795918,0.6224489795918368,0.45879999999999993,0.008884593406566221
0.8061224489795918,0.6326530612244898,0.41109999999999997,0.010201421469579619
0.8061224489795918,0.6428571428571428,0.3734,0.007614722581946102
0.8061224489795918,0.653061224489796,0.34409999999999996,0.00787584916056675
0.8061224489795918,0.6632653061224489,0.31980000000000003,0.005622810685057786
0.8061224489795918,0.673469387755102,0.2942,0.010243827409713616
0.8061224489795918,0.6836734693877551,0.27460000000000007,0.0057449107913004165
0.8061224489795918,0.6938775510204082,0.2452,0.005999666657406894
0.8061224489795918,0.7040816326530612,0.24110000000000004,0.004208206268708796
0.8061224489795918,0.7142857142857143,0.2117,0.007374347428755983
0.8061224489795918,0.7244897959183674,0.20309999999999997,0.0062792515477563095
0.8061224489795918,0.7346938775510204,0.19519999999999998,0.004670760109446855
0.8061224489795918,0.7448979591836735,0.17809999999999998,0.0047232404131062385
0.8061224489795918,0.7551020408163265,0.1665,0.009885595581450822
0.8061224489795918,0.7653061224489797,0.15360000000000001,0.005305091893643313
0.8061224489795918,0.7755102040816326,0.14100000000000001,0.008889319434017431
0.8061224489795918,0.7857142857142857,0.13979999999999998,0.009020864703563622
0.8061224489795918,0.7959183673469388,0.11980000000000002,0.005496908221900745
0.8061224489795918,0.8061224489795918,0.1311,0.006150528432582033
0.8163265306122449,0.5,1.0,0.0
0.8163265306122449,0.5102040816326531,1.0,0.0
0.8163265306122449,0.5204081632653061,1.0,0.0
0.8163265306122449,0.5306122448979592,1.0,0.0
0.8163265306122449,0.5408163265306123,1.0,0.0
0.8163265306122449,0.5510204081632653,1.0,0.0
0.8163265306122449,0.5612244897959183,1.0,0.0
0.8163265306122449,0.5714285714285714,0.9417,0.023587729861095152
0.8163265306122449,0.5816326530612245,0.7593000000000001,0.015268955432510771
0.8163265306122449,0.5918367346938775,0.663,0.009599999999999992
0.8163265306122449,0.6020408163265306,0.5933999999999999,0.007580501302684408
0.8163265306122449,0.6122448979591837,0.5085,0.013138683343470913
0.8163265306122449,0.6224489795918368,0.47640000000000005,0.0108988072741929
0.8163265306122449,0.6326530612244898,0.4338,0.010671269840089323
0.8163265306122449,0.6428571428571428,0.4024,0.007285876748888907
0.8163265306122449,0.653061224489796,0.36069999999999997,0.013283109575698003
0.8163265306122449,0.6632653061224489,0.3337,0.0063230530600335766
0.8163265306122449,0.673469387755102,0.32299999999999995,0.008506468127254696
0.8163265306122449,0.6836734693877551,0.27870000000000006,0.007535316848016408
0.8163265306122449,0.6938775510204082,0.2692,0.009103625651354518
0.8163265306122449,0.7040816326530612,0.2524,0.005662508278139644
0.8163265306122449,0.7142857142857143,0.25060000000000004,0.006794409466612973
0.8163265306122449,0.7244897959183674,0.21080000000000002,0.004029392013691397
0.8163265306122449,0.7346938775510204,0.22200000000000003,0.0055569775957799205
0.8163265306122449,0.7448979591836735,0.199,0.0054990908339470086
0.8163265306122449,0.7551020408163265,0.18880000000000002,0.006336876202041506
0.8163265306122449,0.7653061224489797,0.1704,0.004463630809105966
0.8163265306122449,0.7755102040816326,0.1727,0.006540718614953559
0.8163265306122449,0.7857142857142857,0.16359999999999997,0.00466090120041178
0.8163265306122449,0.7959183673469388,0.1533,0.006102540454597576
0.8163265306122449,0.8061224489795918,0.14529999999999998,0.006003415694419301
0.8163265306122449,0.8163265306122449,0.13690000000000002,0.007737506058155948
0.8265306122448979,0.5,1.0,0.0
0.8265306122448979,0.5102040816326531,1.0,0.0
0.8265306122448979,0.5204081632653061,1.0,0.0
0.8265306122448979,0.5306122448979592,1.0,0.0
0.8265306122448979,0.5408163265306123,1.0,0.0
0.8265306122448979,0.5510204081632653,1.0,0.0
0.8265306122448979,0.5612244897959183,1.0,0.0
0.8265306122448979,0.5714285714285714,0.9842000000000001,0.01498919610919812
0.8265306122448979,0.5816326530612245,0.7518,0.014902885626616073
0.8265306122448979,0.5918367346938775,0.6913,0.012268700012633771
0.8265306122448979,0.6020408163265306,0.6010000000000001,0.008349850298059243
0.8265306122448979,0.6122448979591837,0.5429000000000002,0.008483454485055006
0.8265306122448979,0.6224489795918366,0.4688,0.01087639646206408
0.8265306122448979,0.6326530612244898,0.4449000000000001,0.00616676576496951
0.8265306122448979,0.6428571428571428,0.4016,0.009317939686432833
0.8265306122448979,0.6530612244897959,0.3767000000000001,0.009376619860056182
0.8265306122448979,0.6632653061224489,0.3621,0.008783450347101643
0.8265306122448979,0.673469387755102,0.33880000000000005,0.008455530734377352
0.8265306122448979,0.6836734693877551,0.30579999999999996,0.004555875327530379
0.8265306122448979,0.693877551020408,0.28809999999999997,0.008212734014930712
0.8265306122448979,0.7040816326530612,0.2677,0.007368921223625612
0.8265306122448979,0.7142857142857142,0.25920000000000004,0.006480432084359807
0.8265306122448979,0.7244897959183673,0.2411,0.0058880387226987576
0.8265306122448979,0.7346938775510203,0.22020000000000003,0.003961817764612602
0.8265306122448979,0.7448979591836734,0.217,0.005799999999999998
0.8265306122448979,0.7551020408163265,0.1962,0.0039441095319476096
0.8265306122448979,0.7653061224489796,0.1948,0.005127962558365652
0.8265306122448979,0.7755102040816326,0.1785,0.004876986774638619
0.8265306122448979,0.7857142857142856,0.18009999999999998,0.003070667679837724
0.8265306122448979,0.7959183673469388,0.1724,0.006304284257550575
0.8265306122448979,0.8061224489795917,0.1527,0.005706224671356709
0.8265306122448979,0.8163265306122448,0.1581,0.004570448555667156
0.8265306122448979,0.8265306122448979,0.1543,0.0030758738595722686
0.8367346938775511,0.5,1.0,0.0
0.8367346938775511,0.5102040816326531,1.0,0.0
0.8367346938775511,0.5204081632653061,1.0,0.0
0.8367346938775511,0.5306122448979592,1.0,0.0
0.8367346938775511,0.5408163265306123,1.0,0.0
0.8367346938775511,0.5510204081632654,1.0,0.0
0.8367346938775511,0.5612244897959184,1.0,0.0
0.8367346938775511,0.5714285714285714,0.9882,0.01119446291699606
0.8367346938775511,0.5816326530612245,0.8074999999999999,0.01295550076222451
0.8367346938775511,0.5918367346938775,0.6914,0.010597358161353225
0.8367346938775511,0.6020408163265306,0.6277000000000001,0.013311686594868434
0.8367346938775511,0.6122448979591837,0.5505000000000001,0.010752906583803276
0.8367346938775511,0.6224489795918368,0.5064,0.00958039665149622
0.8367346938775511,0.6326530612244898,0.4575,0.010870372578711368
0.8367346938775511,0.6428571428571429,0.44449999999999995,0.006159951298508779
0.8367346938775511,0.653061224489796,0.4168,0.00972913151314134
0.8367346938775511,0.6632653061224489,0.37760000000000005,0.006915489859727945
0.8367346938775511,0.6734693877551021,0.3428999999999999,0.006187810598264945
0.8367346938775511,0.6836734693877551,0.32730000000000004,0.010069806353649506
0.8367346938775511,0.6938775510204083,0.30720000000000003,0.00520922259075191
0.8367346938775511,0.7040816326530612,0.2893,0.007443184802220082
0.8367346938775511,0.7142857142857143,0.2816,0.008687001784275167
0.8367346938775511,0.7244897959183674,0.265,0.005059644256269407
0.8367346938775511,0.7346938775510204,0.23120000000000002,0.005578171743501628
0.8367346938775511,0.7448979591836735,0.23950000000000005,0.005552026656996526
0.8367346938775511,0.7551020408163265,0.22200000000000003,0.0075379042180171
0.8367346938775511,0.7653061224489797,0.213,0.0029461839725312476
0.8367346938775511,0.7755102040816326,0.199,0.005186520991955976
0.8367346938775511,0.7857142857142858,0.18439999999999998,0.0035162480003549236
0.8367346938775511,0.7959183673469388,0.16799999999999998,0.004949747468305832
0.8367346938775511,0.8061224489795918,0.1753,0.00497604260431922
0.8367346938775511,0.8163265306122449,0.1775,0.0050660635605961355
0.8367346938775511,0.826530612244898,0.1619,0.008107342351227065
0.8367346938775511,0.8367346938775511,0.15589999999999998,0.0034451415065277088
0.846938775510204,0.5,1.0,0.0
0.846938775510204,0.5102040816326531,1.0,0.0
0.846938775510204,0.5204081632653061,1.0,0.0
0.846938775510204,0.5306122448979592,1.0,0.0
0.846938775510204,0.5408163265306123,1.0,0.0
0.846938775510204,0.5510204081632653,1.0,0.0
0.846938775510204,0.5612244897959183,1.0,0.0
0.846938775510204,0.5714285714285714,1.0,0.0
0.846938775510204,0.5816326530612245,0.8177999999999999,0.011241708055273445
0.846938775510204,0.5918367346938775,0.7101,0.009323572276761729
0.846938775510204,0.6020408163265306,0.6448,0.013061240369888302
0.846938775510204,0.6122448979591837,0.567,0.010235233265539184
0.846938775510204,0.6224489795918368,0.5309999999999999,0.009130169768410657
0.846938775510204,0.6326530612244898,0.4791,0.008212734014930716
0.846938775510204,0.6428571428571428,0.4617,0.010888571990853529
0.846938775510204,0.6530612244897959,0.41319999999999996,0.006426196386666064
0.846938775510204,0.6632653061224489,0.39139999999999997,0.007515583809658435
0.846938775510204,0.673469387755102,0.3568,0.0059224994723511785
0.846938775510204,0.6836734693877551,0.3338,0.0058852357641814125
0.846938775510204,0.6938775510204082,0.3207,0.004994096514886353
0.846938775510204,0.7040816326530612,0.3147,0.008126561388434839
0.846938775510204,0.7142857142857142,0.28759999999999997,0.004052653451752319
0.846938775510204,0.7244897959183674,0.25970000000000004,0.005865236568118968
0.846938775510204,0.7346938775510203,0.2611,0.005216224688412108
0.846938775510204,0.7448979591836734,0.2473,0.006758772077825971
0.846938775510204,0.7551020408163265,0.2373,0.006138485155150252
0.846938775510204,0.7653061224489796,0.22330000000000005,0.006248279763262844
0.846938775510204,0.7755102040816326,0.2165,0.005424481542046208
0.846938775510204,0.7857142857142856,0.20870000000000002,0.006760251474612465
0.846938775510204,0.7959183673469388,0.1997,0.005934728300436338
0.846938775510204,0.8061224489795917,0.18560000000000001,0.0032502307610383615
0.846938775510204,0.8163265306122449,0.1895,0.004133400537088077
0.846938775510204,0.8265306122448979,0.16739999999999997,0.0034876926470089067
0.846938775510204,0.836734693877551,0.1719,0.004590098038168682
0.846938775510204,0.846938775510204,0.16569999999999996,0.004483413877839074
0.8571428571428572,0.5,1.0,0.0
0.8571428571428572,0.5102040816326531,1.0,0.0
0.8571428571428572,0.5204081632653061,1.0,0.0
0.8571428571428572,0.5306122448979592,1.0,0.0
0.8571428571428572,0.5408163265306123,1.0,0.0
0.8571428571428572,0.5510204081632654,1.0,0.0
0.8571428571428572,0.5612244897959184,1.0,0.0
0.8571428571428572,0.5714285714285714,1.0,0.0
0.8571428571428572,0.5816326530612245,0.8129,0.02266514945902629
0.8571428571428572,0.5918367346938775,0.7499,0.005661183621823272
0.8571428571428572,0.6020408163265306,0.6448,0.011206962121824095
0.8571428571428572,0.6122448979591837,0.5809999999999998,0.007054076835419351
0.8571428571428572,0.6224489795918368,0.5479999999999999,0.006203224967708326
0.8571428571428572,0.6326530612244898,0.5036999999999999,0.007095139181157763
0.8571428571428572,0.6428571428571429,0.4641,0.007632103248777494
0.8571428571428572,0.653061224489796,0.4181,0.008579568753731155
0.8571428571428572,0.6632653061224489,0.4039,0.009485198996331073
0.8571428571428572,0.6734693877551021,0.3808,0.007818951336336605
0.8571428571428572,0.6836734693877551,0.3619,0.004208206268708793
0.8571428571428572,0.6938775510204082,0.3229,0.005227714605829204
0.8571428571428572,0.7040816326530612,0.3151,0.005099901959841974
0.8571428571428572,0.7142857142857143,0.3069,0.005638173463099552
0.8571428571428572,0.7244897959183674,0.2915,0.005982056502575012
0.8571428571428572,0.7346938775510204,0.277,0.006987131027825367
0.8571428571428572,0.7448979591836735,0.2625,0.004570010940905941
0.8571428571428572,0.7551020408163266,0.25529999999999997,0.003426514263796374
0.8571428571428572,0.7653061224489797,0.24609999999999999,0.005000899919014576
0.8571428571428572,0.7755102040816327,0.2352,0.004404089009091438
0.8571428571428572,0.7857142857142858,0.22690000000000002,0.00450433124892031
0.8571428571428572,0.7959183673469388,0.20600000000000002,0.004578209256903839
0.8571428571428572,0.806122448979592,0.205,0.00527825728815866
0.8571428571428572,0.8163265306122449,0.19710000000000003,0.0043300115473287135
0.8571428571428572,0.826530612244898,0.1947,0.003980075376170657
0.8571428571428572,0.8367346938775511,0.19490000000000002,0.0015195394038984326
0.8571428571428572,0.8469387755102041,0.1847,0.005101078317375649
0.8571428571428572,0.8571428571428572,0.1769,0.00518546044242939
0.8673469387755102,0.5,1.0,0.0
0.8673469387755102,0.5102040816326531,1.0,0.0
0.8673469387755102,0.5204081632653061,1.0,0.0
0.8673469387755102,0.5306122448979592,1.0,0.0
0.8673469387755102,0.5408163265306123,1.0,0.0
0.8673469387755102,0.5510204081632653,1.0,0.0
0.8673469387755102,0.5612244897959183,1.0,0.0
0.8673469387755102,0.5714285714285714,1.0,0.0
0.8673469387755102,0.5816326530612245,0.8552,0.016204196987200565
0.8673469387755102,0.5918367346938775,0.7545,0.01128029254939783
0.8673469387755102,0.6020408163265306,0.6478,0.009327164628117167
0.8673469387755102,0.6122448979591837,0.6096,0.009402340134243176
0.8673469387755102,0.6224489795918368,0.5431999999999999,0.009046325220773345
0.8673469387755102,0.6326530612244898,0.509,0.006097540487770463
0.8673469387755102,0.6428571428571428,0.4742,0.007296300432410934
0.8673469387755102,0.653061224489796,0.44469999999999993,0.009214173864215938
0.8673469387755102,0.6632653061224489,0.4101,0.006513754677603384
0.8673469387755102,0.673469387755102,0.3901,0.008530474781628512
0.8673469387755102,0.6836734693877551,0.37,0.005571355310873645
0.8673469387755102,0.6938775510204082,0.35650000000000004,0.004336473221409306
0.8673469387755102,0.7040816326530612,0.3377,0.006243476595615616
0.8673469387755102,0.7142857142857143,0.3188,0.006121764451528661
0.8673469387755102,0.7244897959183674,0.3007,0.004445334633073197
0.8673469387755102,0.7346938775510203,0.2827,0.004894997446373182
0.8673469387755102,0.7448979591836734,0.27349999999999997,0.004825453346577913
0.8673469387755102,0.7551020408163265,0.2687,0.0056516369310138795
0.8673469387755102,0.7653061224489796,0.25809999999999994,0.004840351226925587
0.8673469387755102,0.7755102040816326,0.2507,0.004897039922238743
0.8673469387755102,0.7857142857142857,0.2311,0.005133127701509089
0.8673469387755102,0.7959183673469388,0.22920000000000001,0.005381077958922358
0.8673469387755102,0.8061224489795918,0.2285,0.003033974291255612
0.8673469387755102,0.8163265306122449,0.2096,0.002990652102802999
0.8673469387755102,0.8265306122448979,0.21140000000000003,0.0045148643390471865
0.8673469387755102,0.836734693877551,0.19890000000000002,0.0030214235055681946
0.8673469387755102,0.846938775510204,0.19540000000000002,0.005746651198741751
0.8673469387755102,0.8571428571428571,0.1883,0.0035610391741737416
0.8673469387755102,0.8673469387755102,0.1853,0.003580642400463916
0.8775510204081632,0.5,1.0,0.0
0.8775510204081632,0.5102040816326531,1.0,0.0
0.8775510204081632,0.5204081632653061,1.0,0.0
0.8775510204081632,0.5306122448979592,1.0,0.0
0.8775510204081632,0.5408163265306123,1.0,0.0
0.8775510204081632,0.5510204081632653,1.0,0.0
0.8775510204081632,0.5612244897959183,1.0,0.0
0.8775510204081632,0.5714285714285714,1.0,0.0
0.8775510204081632,0.5816326530612245,0.8738000000000001,0.019812521293363954
0.8775510204081632,0.5918367346938775,0.7779999999999999,0.006212889826803625
0.8775510204081632,0.6020408163265306,0.6754,0.012916810751884533
0.8775510204081632,0.6122448979591837,0.617,0.010829589096544717
0.8775510204081632,0.6224489795918368,0.5671,0.009792292887776584
0.8775510204081632,0.6326530612244898,0.5324000000000001,0.008052577227198756
0.8775510204081632,0.6428571428571428,0.48650000000000004,0.0076788671039418315
0.8775510204081632,0.653061224489796,0.45569999999999994,0.006375029411696859
0.8775510204081632,0.6632653061224489,0.42729999999999996,0.0032219559276936136
0.8775510204081632,0.673469387755102,0.41380000000000006,0.01044777488272024
0.8775510204081632,0.6836734693877551,0.3877,0.007792368061122371
0.8775510204081632,0.6938775510204082,0.36899999999999994,0.007745966692414835
0.8775510204081632,0.7040816326530612,0.33799999999999997,0.004785394445602156
0.8775510204081632,0.7142857142857143,0.33030000000000004,0.005266972564956077
0.8775510204081632,0.7244897959183674,0.32189999999999996,0.007621614002296363
0.8775510204081632,0.7346938775510203,0.3076,0.0063122103893960965
0.8775510204081632,0.7448979591836735,0.28290000000000004,0.005137022483890837
0.8775510204081632,0.7551020408163265,0.27630000000000005,0.0043267770915544025
0.8775510204081632,0.7653061224489797,0.2641,0.005654113546790513
0.8775510204081632,0.7755102040816326,0.2644,0.003914588100937312
0.8775510204081632,0.7857142857142857,0.2513,0.0051808300493260745
0.8775510204081632,0.7959183673469388,0.2403,0.00376842142017052
0.8775510204081632,0.8061224489795918,0.23650000000000002,0.005715330261673424
0.8775510204081632,0.8163265306122449,0.2263,0.002870714196850672
0.8775510204081632,0.8265306122448979,0.22480000000000003,0.0031837085293726242
0.8775510204081632,0.8367346938775511,0.21479999999999996,0.004890398756747756
0.8775510204081632,0.846938775510204,0.2063,0.004972021721593742
0.8775510204081632,0.8571428571428571,0.2113,0.004012605138809448
0.8775510204081632,0.8673469387755102,0.20620000000000002,0.004841074260946634
0.8775510204081632,0.8775510204081632,0.1934,0.004228947859692763
0.8877551020408163,0.5,1.0,0.0
0.8877551020408163,0.5102040816326531,1.0,0.0
0.8877551020408163,0.5204081632653061,1.0,0.0
0.8877551020408163,0.5306122448979592,1.0,0.0
0.8877551020408163,0.5408163265306123,1.0,0.0
0.8877551020408163,0.5510204081632653,1.0,0.0
0.8877551020408163,0.5612244897959183,1.0,0.0
0.8877551020408163,0.5714285714285714,1.0,0.0
0.8877551020408163,0.5816326530612245,0.9521000000000001,0.022454598638140918
0.8877551020408163,0.5918367346938775,0.7813,0.013070615899795999
0.8877551020408163,0.6020408163265306,0.6943,0.010917005083813042
0.8877551020408163,0.6122448979591837,0.6322000000000001,0.00790670601451705
0.8877551020408163,0.6224489795918368,0.5818999999999999,0.00781338594976595
0.8877551020408163,0.6326530612244898,0.5366000000000001,0.006841344897021346
0.8877551020408163,0.6428571428571428,0.5023,0.009078601213843468
0.8877551020408163,0.653061224489796,0.47409999999999997,0.00558829133098839
0.8877551020408163,0.6632653061224489,0.43999999999999995,0.007578918128598566
0.8877551020408163,0.673469387755102,0.41509999999999997,0.010169021585187043
0.8877551020408163,0.6836734693877551,0.3956,0.006915489859727943
0.8877551020408163,0.6938775510204082,0.3815,0.004891318840558241
0.8877551020408163,0.7040816326530612,0.3545,0.004384632253678751
0.8877551020408163,0.7142857142857143,0.3433,0.009006719713636036
0.8877551020408163,0.7244897959183674,0.3228999999999999,0.004107188819618597
0.8877551020408163,0.7346938775510203,0.3167,0.005353596921696666
0.8877551020408163,0.7448979591836734,0.30179999999999996,0.005270294109440192
0.8877551020408163,0.7551020408163265,0.298,0.0032741411087489785
0.8877551020408163,0.7653061224489797,0.27849999999999997,0.004133400537088073
0.8877551020408163,0.7755102040816326,0.26899999999999996,0.0037040518354904276
0.8877551020408163,0.7857142857142857,0.259,0.003649657518178935
0.8877551020408163,0.7959183673469388,0.2533,0.00487042092636766
0.8877551020408163,0.8061224489795918,0.24379999999999996,0.003475053956415641
0.8877551020408163,0.8163265306122449,0.23729999999999998,0.005161492032348785
0.8877551020408163,0.8265306122448979,0.2373,0.003939670036944718
0.8877551020408163,0.8367346938775511,0.22899999999999995,0.0033075670817082447
0.8877551020408163,0.846938775510204,0.2198,0.004201904330181733
0.8877551020408163,0.8571428571428571,0.21420000000000003,0.0037994736477570145
0.8877551020408163,0.8673469387755102,0.20820000000000002,0.004410895600668871
0.8877551020408163,0.8775510204081632,0.2092,0.004955401093756185
0.8877551020408163,0.8877551020408163,0.203,0.005640921910468182
0.8979591836734694,0.5,1.0,0.0
0.8979591836734694,0.5102040816326531,1.0,0.0
0.8979591836734694,0.5204081632653061,1.0,0.0
0.8979591836734694,0.5306122448979592,1.0,0.0
0.8979591836734694,0.5408163265306123,1.0,0.0
0.8979591836734694,0.5510204081632653,1.0,0.0
0.8979591836734694,0.5612244897959183,1.0,0.0
0.8979591836734694,0.5714285714285714,1.0,0.0
0.8979591836734694,0.5816326530612245,0.9571,0.017780579293150155
0.8979591836734694,0.5918367346938775,0.7681,0.015148234220528805
0.8979591836734694,0.6020408163265306,0.7087,0.013536653944014376
0.8979591836734694,0.6122448979591837,0.6576000000000001,0.011193926924899943
0.8979591836734694,0.6224489795918368,0.6022,0.007545594741304357
0.8979591836734694,0.6326530612244898,0.5551999999999999,0.009185640968381025
0.8979591836734694,0.6428571428571428,0.5210999999999999,0.0052372702813584145
0.8979591836734694,0.653061224489796,0.4868,0.009232334482675552
0.8979591836734694,0.6632653061224489,0.4494000000000001,0.0046523112535598946
0.8979591836734694,0.673469387755102,0.4311,0.006058795259785565
0.8979591836734694,0.6836734693877551,0.4096,0.00862693456564961
0.8979591836734694,0.6938775510204082,0.39390000000000003,0.004006120317713884
0.8979591836734694,0.7040816326530612,0.3749,0.004495442136208633
0.8979591836734694,0.7142857142857143,0.3636,0.00715709438249909
0.8979591836734694,0.7244897959183674,0.34409999999999996,0.006037300721348902
0.8979591836734694,0.7346938775510204,0.33219999999999994,0.004175643662957842
0.8979591836734694,0.7448979591836735,0.3155,0.0059636398281586395
0.8979591836734694,0.7551020408163265,0.3012,0.004006993885695359
0.8979591836734694,0.7653061224489796,0.29510000000000003,0.0030739225754725834
0.8979591836734694,0.7755102040816326,0.2835,0.004539273069556398
0.8979591836734694,0.7857142857142857,0.28390000000000004,0.004960745911654816
0.8979591836734694,0.7959183673469388,0.2701,0.002754813968310745
0.8979591836734694,0.8061224489795918,0.2632,0.004166053288185352
0.8979591836734694,0.8163265306122449,0.2634,0.004067431622043575
0.8979591836734694,0.8265306122448979,0.24850000000000003,0.0037101212918178306
0.8979591836734694,0.8367346938775511,0.2354,0.00407970587175105
0.8979591836734694,0.846938775510204,0.23420000000000002,0.0036573214242119866
0.8979591836734694,0.8571428571428572,0.23010000000000003,0.003539632749311713
0.8979591836734694,0.8673469387755102,0.22280000000000003,0.0044917702523615335
0.8979591836734694,0.8775510204081632,0.22080000000000002,0.0039058929836850364
0.8979591836734694,0.8877551020408163,0.21400000000000002,0.0037841775856848987
0.8979591836734694,0.8979591836734694,0.21440000000000006,0.0032839001202838065
0.9081632653061225,0.5,1.0,0.0
0.9081632653061225,0.5102040816326531,1.0,0.0
0.9081632653061225,0.5204081632653061,1.0,0.0
0.9081632653061225,0.5306122448979592,1.0,0.0
0.9081632653061225,0.5408163265306123,1.0,0.0
0.9081632653061225,0.5510204081632653,1.0,0.0
0.9081632653061225,0.5612244897959183,1.0,0.0
0.9081632653061225,0.5714285714285714,1.0,0.0
0.9081632653061225,0.5816326530612245,0.9222000000000001,0.020277968340048268
0.9081632653061225,0.5918367346938775,0.7661,0.01269602299934905
0.9081632653061225,0.6020408163265306,0.7065,0.013847201883413124
0.9081632653061225,0.6122448979591837,0.6755000000000001,0.009730621768417467
0.9081632653061225,0.6224489795918368,0.6077000000000001,0.008479445736603313
0.9081632653061225,0.6326530612244898,0.5537,0.010470004775548096
0.9081632653061225,0.6428571428571428,0.5216000000000001,0.0070586117615293225
0.9081632653061225,0.653061224489796,0.48979999999999996,0.008112706083669001
0.9081632653061225,0.6632653061224489,0.4716,0.006190638093120932
0.9081632653061225,0.673469387755102,0.44420000000000004,0.006351062903168259
0.9081632653061225,0.6836734693877551,0.4266,0.004010486254807514
0.9081632653061225,0.6938775510204082,0.40989999999999993,0.006171628634323356
0.9081632653061225,0.7040816326530612,0.3825,0.006112691714784906
0.9081632653061225,0.7142857142857143,0.36419999999999997,0.0036491094804075135
0.9081632653061225,0.7244897959183674,0.3524999999999999,0.003985599076675924
0.9081632653061225,0.7346938775510203,0.34840000000000004,0.005612842417171534
0.9081632653061225,0.7448979591836735,0.3274,0.003752865571799768
0.9081632653061225,0.7551020408163265,0.3126,0.004243112065453849
0.9081632653061225,0.7653061224489797,0.2993,0.007056982357920417
0.9081632653061225,0.7755102040816326,0.3049,0.005281003692481195
0.9081632653061225,0.7857142857142857,0.2798,0.004476159067772277
0.9081632653061225,0.7959183673469388,0.2841000000000001,0.007617676811206945
0.9081632653061225,0.8061224489795918,0.2726,0.004508214724256153
0.9081632653061225,0.8163265306122449,0.27880000000000005,0.0035236344872872356
0.9081632653061225,0.826530612244898,0.2617,0.002694624278076632
0.9081632653061225,0.8367346938775511,0.25179999999999997,0.0034750539564156425
0.9081632653061225,0.846938775510204,0.24499999999999997,0.003178049716414141
0.9081632653061225,0.8571428571428572,0.24210000000000004,0.0024267261897461764
0.9081632653061225,0.8673469387755102,0.23420000000000005,0.003560337062695047
0.9081632653061225,0.8775510204081634,0.22640000000000002,0.0027173516518846077
0.9081632653061225,0.8877551020408163,0.2233,0.003944743337658357
0.9081632653061225,0.8979591836734694,0.22550000000000003,0.003027375100644121
0.9081632653061225,0.9081632653061225,0.21460000000000004,0.002892058090702882
0.9183673469387755,0.5,1.0,0.0
0.9183673469387755,0.5102040816326531,1.0,0.0
0.9183673469387755,0.5204081632653061,1.0,0.0
0.9183673469387755,0.5306122448979592,1.0,0.0
0.9183673469387755,0.5408163265306123,1.0,0.0
0.9183673469387755,0.5510204081632653,1.0,0.0
0.9183673469387755,0.5612244897959183,1.0,0.0
0.9183673469387755,0.5714285714285714,1.0,0.0
0.9183673469387755,0.5816326530612245,0.9682000000000001,0.016669613072894048
0.9183673469387755,0.5918367346938775,0.8036000000000001,0.010403076468045397
0.9183673469387755,0.6020408163265306,0.7169,0.010332908593421305
0.9183673469387755,0.6122448979591837,0.6718,0.008978641322605547
0.9183673469387755,0.6224489795918368,0.6075999999999999,0.007669680567011908
0.9183673469387755,0.6326530612244898,0.5738000000000001,0.008731322923818584
0.9183673469387755,0.6428571428571429,0.5426,0.004494885982981101
0.9183673469387755,0.653061224489796,0.5011,0.007860597941632687
0.9183673469387755,0.6632653061224489,0.4801,0.008117203952100749
0.9183673469387755,0.673469387755102,0.454,0.00662268827591938
0.9183673469387755,0.6836734693877551,0.4364,0.007753966726779265
0.9183673469387755,0.6938775510204082,0.4077,0.006988633628972116
0.9183673469387755,0.7040816326530612,0.3883,0.005528200430519864
0.9183673469387755,0.7142857142857143,0.3736,0.004379954337661528
0.9183673469387755,0.7244897959183674,0.3728999999999999,0.0029238673020504902
0.9183673469387755,0.7346938775510204,0.35019999999999996,0.006598181567674535
0.9183673469387755,0.7448979591836735,0.3356,0.004193328033912918
0.9183673469387755,0.7551020408163265,0.3275,0.005843372313998142
0.9183673469387755,0.7653061224489797,0.3221,0.002658759109058211
0.9183673469387755,0.7755102040816326,0.3122,0.003224282866002922
0.9183673469387755,0.7857142857142858,0.29999999999999993,0.0034698703145794934
0.9183673469387755,0.7959183673469388,0.2865,0.0038399218742052534
0.9183673469387755,0.8061224489795918,0.2888,0.0024445858544956014
0.9183673469387755,0.8163265306122449,0.28049999999999997,0.002680485030736036
0.9183673469387755,0.826530612244898,0.2667,0.002306729286240587
0.9183673469387755,0.8367346938775511,0.26400000000000007,0.0034928498393145984
0.9183673469387755,0.846938775510204,0.2541,0.002499799991999362
0.9183673469387755,0.8571428571428572,0.2532,0.002517141235608366
0.9183673469387755,0.8673469387755102,0.2496,0.004162210950925002
0.9183673469387755,0.8775510204081634,0.24100000000000002,0.003231098884280702
0.9183673469387755,0.8877551020408163,0.2371,0.0019567830743339927
0.9183673469387755,0.8979591836734694,0.2318,0.0024568272222523085
0.9183673469387755,0.9081632653061225,0.22349999999999998,0.0032534596969994883
0.9183673469387755,0.9183673469387755,0.22679999999999997,0.0027524534510142027
0.9285714285714286,0.5,1.0,0.0
0.9285714285714286,0.5102040816326531,1.0,0.0
0.9285714285714286,0.5204081632653061,1.0,0.0
0.9285714285714286,0.5306122448979592,1.0,0.0
0.9285714285714286,0.5408163265306123,1.0,0.0
0.9285714285714286,0.5510204081632653,1.0,0.0
0.9285714285714286,0.5612244897959183,1.0,0.0
0.9285714285714286,0.5714285714285714,1.0,0.0
0.9285714285714286,0.5816326530612245,0.9549,0.019533279294578265
0.9285714285714286,0.5918367346938775,0.8206999999999999,0.010552772147639682
0.9285714285714286,0.6020408163265306,0.7415,0.012888172872831895
0.9285714285714286,0.6122448979591837,0.6980000000000001,0.008975522268926743
0.9285714285714286,0.6224489795918368,0.6169999999999999,0.007135825109964515
0.9285714285714286,0.6326530612244898,0.5879,0.00943445811904425
0.9285714285714286,0.6428571428571428,0.5474000000000001,0.006099508176894261
0.9285714285714286,0.653061224489796,0.5041,0.006285618505763777
0.9285714285714286,0.6632653061224489,0.4784,0.003776771107705627
0.9285714285714286,0.6734693877551021,0.46480000000000005,0.005839178024345547
0.9285714285714286,0.6836734693877551,0.44139999999999996,0.004771163380141158
0.9285714285714286,0.6938775510204082,0.4184,0.007341934350019754
0.9285714285714286,0.7040816326530612,0.40099999999999997,0.004837354648979127
0.9285714285714286,0.7142857142857143,0.383,0.0054295487841992925
0.9285714285714286,0.7244897959183674,0.3809,0.006271283760124399
0.9285714285714286,0.7346938775510204,0.36029999999999995,0.0024085265205100004
0.9285714285714286,0.7448979591836735,0.3433,0.004945806304335014
0.9285714285714286,0.7551020408163265,0.3281,0.005066458329049986
0.9285714285714286,0.7653061224489797,0.3231,0.0035817593442329424
0.9285714285714286,0.7755102040816326,0.3204,0.00538924855615326
0.9285714285714286,0.7857142857142857,0.31379999999999997,0.00270481052940867
0.9285714285714286,0.7959183673469388,0.3026,0.0036144155820823955
0.9285714285714286,0.8061224489795918,0.28819999999999996,0.0035490843889656913
0.9285714285714286,0.8163265306122449,0.28440000000000004,0.003274751898999368
0.9285714285714286,0.826530612244898,0.2827,0.003403086834037588
0.9285714285714286,0.8367346938775511,0.2707,0.004639073183298575
0.9285714285714286,0.8469387755102041,0.27080000000000004,0.003399411713811668
0.9285714285714286,0.8571428571428572,0.26059999999999994,0.0022190087877248274
0.9285714285714286,0.8673469387755102,0.26339999999999997,0.00403286498658212
0.9285714285714286,0.8775510204081634,0.2535,0.0031120732639190896
0.9285714285714286,0.8877551020408163,0.251,0.004315089802078283
0.9285714285714286,0.8979591836734695,0.24489999999999998,0.0022779376637651894
0.9285714285714286,0.9081632653061225,0.2428,0.0018536450577173599
0.9285714285714286,0.9183673469387755,0.23379999999999995,0.0022306949589757877
0.9285714285714286,0.9285714285714286,0.229,0.0028913664589601913
0.9387755102040816,0.5,1.0,0.0
0.9387755102040816,0.5102040816326531,1.0,0.0
0.9387755102040816,0.5204081632653061,1.0,0.0
0.9387755102040816,0.5306122448979592,1.0,0.0
0.9387755102040816,0.5408163265306123,1.0,0.0
0.9387755102040816,0.5510204081632653,1.0,0.0
0.9387755102040816,0.5612244897959183,1.0,0.0
0.9387755102040816,0.5714285714285714,1.0,0.0
0.9387755102040816,0.5816326530612245,0.9993000000000001,0.0006640783086353605
0.9387755102040816,0.5918367346938775,0.8121,0.0077271598922243005
0.9387755102040816,0.6020408163265306,0.7534000000000001,0.014831183364789209
0.9387755102040816,0.6122448979591837,0.6984999999999999,0.010759414482210447
0.9387755102040816,0.6224489795918368,0.6434,0.01050447523677409
0.9387755102040816,0.6326530612244898,0.5782999999999998,0.00493568637577389
0.9387755102040816,0.6428571428571428,0.5621999999999999,0.006959597689521995
0.9387755102040816,0.6530612244897959,0.5196000000000002,0.005619964412698719
0.9387755102040816,0.6632653061224489,0.5118,0.005869923338511334
0.9387755102040816,0.673469387755102,0.47640000000000005,0.008146410252374968
0.9387755102040816,0.6836734693877551,0.4504,0.006807642763835365
0.9387755102040816,0.6938775510204082,0.4263,0.0075803034240061904
0.9387755102040816,0.7040816326530612,0.4114,0.003970390409015212
0.9387755102040816,0.7142857142857142,0.40120000000000006,0.005567405140637779
0.9387755102040816,0.7244897959183674,0.3862,0.0036954025491142397
0.9387755102040816,0.7346938775510203,0.37220000000000003,0.005397777320342145
0.9387755102040816,0.7448979591836734,0.36479999999999996,0.005604997769847909
0.9387755102040816,0.7551020408163265,0.3488,0.004213786895418415
0.9387755102040816,0.7653061224489796,0.3414,0.005263458938758806
0.9387755102040816,0.7755102040816326,0.326,0.0030232432915661975
0.9387755102040816,0.7857142857142857,0.3215,0.002871410803072248
0.9387755102040816,0.7959183673469388,0.3079,0.0024635340468522064
0.9387755102040816,0.8061224489795917,0.3107,0.00450344312720834
0.9387755102040816,0.8163265306122448,0.2983,0.002690910626535191
0.9387755102040816,0.8265306122448979,0.2941,0.0029443165590676552
0.9387755102040816,0.8367346938775511,0.2889,0.00386121742459551
0.9387755102040816,0.846938775510204,0.279,0.002874021572639979
0.9387755102040816,0.8571428571428571,0.2737,0.0025300197627686617
0.9387755102040816,0.8673469387755102,0.26759999999999995,0.002600769117011353
0.9387755102040816,0.8775510204081631,0.2611,0.0031319323108905174
0.9387755102040816,0.8877551020408163,0.2589,0.003637169228947148
0.9387755102040816,0.8979591836734693,0.2528,0.0032796341259353923
0.9387755102040816,0.9081632653061225,0.24899999999999997,0.0032434549480453716
0.9387755102040816,0.9183673469387754,0.2451,0.0025077878698167443
0.9387755102040816,0.9285714285714285,0.24059999999999998,0.0032379005543716134
0.9387755102040816,0.9387755102040816,0.23660000000000006,0.0027683930356797227
0.9489795918367347,0.5,1.0,0.0
0.9489795918367347,0.5102040816326531,1.0,0.0
0.9489795918367347,0.5204081632653061,1.0,0.0
0.9489795918367347,0.5306122448979592,1.0,0.0
0.9489795918367347,0.5408163265306123,1.0,0.0
0.9489795918367347,0.5510204081632653,1.0,0.0
0.9489795918367347,0.5612244897959183,1.0,0.0
0.9489795918367347,0.5714285714285714,1.0,0.0
0.9489795918367347,0.5816326530612245,1.0,0.0
0.9489795918367347,0.5918367346938775,0.8362,0.013594704851522154
0.9489795918367347,0.6020408163265306,0.788,0.012289833196589774
0.9489795918367347,0.6122448979591837,0.6922,0.008716421283990345
0.9489795918367347,0.6224489795918368,0.6492000000000001,0.00757865423409724
0.9489795918367347,0.6326530612244898,0.6091,0.009012713242969624
0.9489795918367347,0.6428571428571429,0.5706000000000001,0.00992592564953012
0.9489795918367347,0.653061224489796,0.5399,0.006403826980798277
0.9489795918367347,0.6632653061224489,0.502,0.007496665925596528
0.9489795918367347,0.6734693877551021,0.4871,0.006465987936889458
0.9489795918367347,0.6836734693877551,0.45299999999999996,0.005043808085167395
0.9489795918367347,0.6938775510204082,0.4344,0.007165472768771089
0.9489795918367347,0.7040816326530612,0.42300000000000004,0.0038729833462074173
0.9489795918367347,0.7142857142857143,0.39740000000000003,0.005107249749131127
0.9489795918367347,0.7244897959183674,0.3925,0.005681989088338696
0.9489795918367347,0.7346938775510204,0.3854000000000001,0.0031943700474428476
0.9489795918367347,0.7448979591836735,0.36760000000000004,0.005713492802130758
0.9489795918367347,0.7551020408163266,0.3548,0.003171119676076571
0.9489795918367347,0.7653061224489797,0.3496,0.0030039973368829694
0.9489795918367347,0.7755102040816326,0.3401,0.0031605379288975424
0.9489795918367347,0.7857142857142858,0.32920000000000005,0.005029512898879971
0.9489795918367347,0.7959183673469388,0.3236,0.0029738863461807033
0.9489795918367347,0.8061224489795918,0.3156,0.00249479458072203
0.9489795918367347,0.8163265306122449,0.3123,0.0029190751960167134
0.9489795918367347,0.826530612244898,0.2994,0.002191802910847599
0.9489795918367347,0.8367346938775511,0.29389999999999994,0.0012037441588643339
0.9489795918367347,0.8469387755102041,0.28890000000000005,0.0017461385970191465
0.9489795918367347,0.8571428571428572,0.27769999999999995,0.002634577765031805
0.9489795918367347,0.8673469387755103,0.281,0.0027784887978899555
0.9489795918367347,0.8775510204081634,0.271,0.002753179979587239
0.9489795918367347,0.8877551020408163,0.266,0.0018814887722226796
0.9489795918367347,0.8979591836734695,0.2636,0.0024787093415727488
0.9489795918367347,0.9081632653061225,0.2635,0.0034792240514229605
0.9489795918367347,0.9183673469387755,0.2571,0.0023171102692793903
0.9489795918367347,0.9285714285714286,0.2511,0.003176318623815944
0.9489795918367347,0.9387755102040817,0.24580000000000002,0.003670967175009877
0.9489795918367347,0.9489795918367347,0.24159999999999995,0.0027756080414928913
0.9591836734693877,0.5,1.0,0.0
0.9591836734693877,0.5102040816326531,1.0,0.0
0.9591836734693877,0.5204081632653061,1.0,0.0
0.9591836734693877,0.5306122448979592,1.0,0.0
0.9591836734693877,0.5408163265306123,1.0,0.0
0.9591836734693877,0.5510204081632653,1.0,0.0
0.9591836734693877,0.5612244897959183,1.0,0.0
0.9591836734693877,0.5714285714285714,1.0,0.0
0.9591836734693877,0.5816326530612245,1.0,0.0
0.9591836734693877,0.5918367346938775,0.8309000000000001,0.0065504961644138006
0.9591836734693877,0.6020408163265306,0.7753,0.011068920453233006
0.9591836734693877,0.6122448979591837,0.7091000000000001,0.010896283770166779
0.9591836734693877,0.6224489795918368,0.6502000000000001,0.012134908322686247
0.9591836734693877,0.6326530612244898,0.6039,0.010273704297866473
0.9591836734693877,0.6428571428571428,0.5696,0.006218038275855168
0.9591836734693877,0.6530612244897959,0.5327999999999999,0.009436948659391972
0.9591836734693877,0.6632653061224489,0.5186,0.009545889167594603
0.9591836734693877,0.673469387755102,0.488,0.005329165037789691
0.9591836734693877,0.6836734693877551,0.4689,0.0036178723028874255
0.9591836734693877,0.6938775510204082,0.4445,0.0043525854385640765
0.9591836734693877,0.7040816326530612,0.43100000000000005,0.004400000000000004
0.9591836734693877,0.7142857142857143,0.41480000000000006,0.004228001892147162
0.9591836734693877,0.7244897959183674,0.4055000000000001,0.0041188590653237905
0.9591836734693877,0.7346938775510203,0.39499999999999996,0.0029899832775452063
0.9591836734693877,0.7448979591836734,0.37720000000000004,0.006405934748340791
0.9591836734693877,0.7551020408163265,0.3699,0.005263933890162375
0.9591836734693877,0.7653061224489796,0.3547,0.00220929853120849
0.9591836734693877,0.7755102040816326,0.3511,0.003598471897903328
0.9591836734693877,0.7857142857142857,0.3392,0.0041419802027532655
0.9591836734693877,0.7959183673469388,0.3249,0.003691747553666149
0.9591836734693877,0.8061224489795917,0.3241,0.0037932835380445826
0.9591836734693877,0.8163265306122449,0.3161,0.0035956918666648872
0.9591836734693877,0.8265306122448979,0.31059999999999993,0.0025814724480420106
0.9591836734693877,0.836734693877551,0.3048,0.002489176570675534
0.9591836734693877,0.846938775510204,0.2961,0.003617872302887429
0.9591836734693877,0.8571428571428571,0.28850000000000003,0.001909188309203677
0.9591836734693877,0.8673469387755102,0.2885,0.003086259872402189
0.9591836734693877,0.8775510204081631,0.27560000000000007,0.002010969915239906
0.9591836734693877,0.8877551020408163,0.2763,0.0037095821867159074
0.9591836734693877,0.8979591836734694,0.2746,0.002687749988373173
0.9591836734693877,0.9081632653061225,0.26850000000000007,0.0012103718436910214
0.9591836734693877,0.9183673469387754,0.26399999999999996,0.002469817807045696
0.9591836734693877,0.9285714285714286,0.2584,0.001871897433087616
0.9591836734693877,0.9387755102040816,0.2566,0.0018665476152512172
0.9591836734693877,0.9489795918367346,0.2502,0.002513165334791965
0.9591836734693877,0.9591836734693877,0.25120000000000003,0.0021624060673240833
0.9693877551020409,0.5,1.0,0.0
0.9693877551020409,0.5102040816326531,1.0,0.0
0.9693877551020409,0.5204081632653061,1.0,0.0
0.9693877551020409,0.5306122448979592,1.0,0.0
0.9693877551020409,0.5408163265306123,1.0,0.0
0.9693877551020409,0.5510204081632654,1.0,0.0
0.9693877551020409,0.5612244897959183,1.0,0.0
0.9693877551020409,0.5714285714285714,1.0,0.0
0.9693877551020409,0.5816326530612245,1.0,0.0
0.9693877551020409,0.5918367346938775,0.8683,0.009647849501313751
0.9693877551020409,0.6020408163265306,0.7747999999999999,0.011973971772139774
0.9693877551020409,0.6122448979591837,0.7253999999999999,0.00957308727631792
0.9693877551020409,0.6224489795918368,0.6591,0.007673916861681525
0.9693877551020409,0.6326530612244898,0.6371000000000001,0.008299939758817538
0.9693877551020409,0.6428571428571429,0.5688000000000001,0.0051803474786929
0.9693877551020409,0.653061224489796,0.5517000000000001,0.008823888031927869
0.9693877551020409,0.6632653061224489,0.5136000000000001,0.0039854736230465785
0.9693877551020409,0.6734693877551021,0.5075000000000001,0.0064206697469968085
0.9693877551020409,0.6836734693877551,0.475,0.007337574531137655
0.9693877551020409,0.6938775510204082,0.45309999999999995,0.003874145066979295
0.9693877551020409,0.7040816326530612,0.44089999999999996,0.004639935344377121
0.9693877551020409,0.7142857142857143,0.4321,0.005852264518970414
0.9693877551020409,0.7244897959183674,0.4058,0.004413162131623986
0.9693877551020409,0.7346938775510204,0.39180000000000004,0.0038099868766178174
0.9693877551020409,0.7448979591836735,0.38999999999999996,0.0042801869118065375
0.9693877551020409,0.7551020408163265,0.37299999999999994,0.0038392707640904967
0.9693877551020409,0.7653061224489797,0.3708,0.004083625839863396
0.9693877551020409,0.7755102040816327,0.3549,0.0035198011307458832
0.9693877551020409,0.7857142857142858,0.35130000000000006,0.0038937128810429757
0.9693877551020409,0.7959183673469388,0.34400000000000003,0.003588871688985267
0.9693877551020409,0.806122448979592,0.3365,0.0027613402542968116
0.9693877551020409,0.8163265306122449,0.3298,0.0033846713282089883
0.9693877551020409,0.826530612244898,0.31589999999999996,0.004484305966367598
0.9693877551020409,0.8367346938775511,0.31279999999999997,0.0030291913112248316
0.9693877551020409,0.8469387755102041,0.30310000000000004,0.003031336338976593
0.9693877551020409,0.8571428571428572,0.3014,0.002482740421389238
0.9693877551020409,0.8673469387755103,0.2946,0.0028989653326661215
0.9693877551020409,0.8775510204081634,0.2893,0.0033794970039933443
0.9693877551020409,0.8877551020408163,0.2833,0.002186549793624644
0.9693877551020409,0.8979591836734695,0.28090000000000004,0.002137521929712062
0.9693877551020409,0.9081632653061225,0.2779,0.002160786893703307
0.9693877551020409,0.9183673469387756,0.27340000000000003,0.0020405881505095517
0.9693877551020409,0.9285714285714286,0.2691,0.0017288724649319868
0.9693877551020409,0.9387755102040818,0.261,0.0013784048752090233
0.9693877551020409,0.9489795918367347,0.2615,0.0021177818584547387
0.9693877551020409,0.9591836734693878,0.258,0.0016552945357246863
0.9693877551020409,0.9693877551020409,0.2569,0.0018571483516402255
0.9795918367346939,0.5,1.0,0.0
0.9795918367346939,0.5102040816326531,1.0,0.0
0.9795918367346939,0.5204081632653061,1.0,0.0
0.9795918367346939,0.5306122448979592,1.0,0.0
0.9795918367346939,0.5408163265306123,1.0,0.0
0.9795918367346939,0.5510204081632653,1.0,0.0
0.9795918367346939,0.5612244897959183,1.0,0.0
0.9795918367346939,0.5714285714285714,1.0,0.0
0.9795918367346939,0.5816326530612245,1.0,0.0
0.9795918367346939,0.5918367346938775,0.8848,0.018138798196131962
0.9795918367346939,0.6020408163265306,0.7694000000000001,0.009255484860340923
0.9795918367346939,0.6122448979591837,0.7356,0.006869061071209084
0.9795918367346939,0.6224489795918368,0.6787,0.009594842364520633
0.9795918367346939,0.6326530612244898,0.6179,0.008069014809752187
0.9795918367346939,0.6428571428571428,0.5865,0.0071193398570373045
0.9795918367346939,0.653061224489796,0.5514,0.006048470881140119
0.9795918367346939,0.6632653061224489,0.5418000000000001,0.007227447682273457
0.9795918367346939,0.673469387755102,0.5107,0.007133091896225652
0.9795918367346939,0.6836734693877551,0.4871,0.005824860513351373
0.9795918367346939,0.6938775510204082,0.47450000000000003,0.00458093876841854
0.9795918367346939,0.7040816326530612,0.45100000000000007,0.006406246951218788
0.9795918367346939,0.7142857142857143,0.44140000000000007,0.003888958729531599
0.9795918367346939,0.7244897959183674,0.4187,0.005484614845182837
0.9795918367346939,0.7346938775510203,0.40149999999999997,0.0041115690435647514
0.9795918367346939,0.7448979591836734,0.38980000000000004,0.00412504545429502
0.9795918367346939,0.7551020408163265,0.37629999999999997,0.0038027621540138454
0.9795918367346939,0.7653061224489797,0.3711,0.004313815016896301
0.9795918367346939,0.7755102040816326,0.36529999999999996,0.004578318468608318
0.9795918367346939,0.7857142857142857,0.35490000000000005,0.002940918223956592
0.9795918367346939,0.7959183673469388,0.35,0.0025999999999999994
0.9795918367346939,0.8061224489795918,0.3396,0.0038631593288395395
0.9795918367346939,0.8163265306122449,0.33360000000000006,0.003046965703778103
0.9795918367346939,0.8265306122448979,0.3255,0.0028922309727959163
0.9795918367346939,0.8367346938775511,0.3249000000000001,0.0035452785504103933
0.9795918367346939,0.846938775510204,0.314,0.0026419689627245834
0.9795918367346939,0.8571428571428571,0.3102,0.0018750999973334772
0.9795918367346939,0.8673469387755102,0.2953,0.0018549932614432877
0.9795918367346939,0.8775510204081632,0.29760000000000003,0.002506790777069361
0.9795918367346939,0.8877551020408163,0.29889999999999994,0.002430843475010271
0.9795918367346939,0.8979591836734693,0.28740000000000004,0.002294340863951993
0.9795918367346939,0.9081632653061225,0.2879,0.002511772282672134
0.9795918367346939,0.9183673469387755,0.281,0.001979898987322328
0.9795918367346939,0.9285714285714286,0.2803,0.002925918659156466
0.9795918367346939,0.9387755102040816,0.27070000000000005,0.0021403270778084346
0.9795918367346939,0.9489795918367347,0.2664,0.0024298148077579926
0.9795918367346939,0.9591836734693877,0.26799999999999996,0.001449137674618945
0.9795918367346939,0.9693877551020408,0.26470000000000005,0.0009803060746521983
0.9795918367346939,0.9795918367346939,0.26070000000000004,0.002015192298516449
0.9897959183673469,0.5,1.0,0.0
0.9897959183673469,0.5102040816326531,1.0,0.0
0.9897959183673469,0.5204081632653061,1.0,0.0
0.9897959183673469,0.5306122448979592,1.0,0.0
0.9897959183673469,0.5408163265306123,1.0,0.0
0.9897959183673469,0.5510204081632653,1.0,0.0
0.9897959183673469,0.5612244897959183,1.0,0.0
0.9897959183673469,0.5714285714285714,1.0,0.0
0.9897959183673469,0.5816326530612245,1.0,0.0
0.9897959183673469,0.5918367346938775,0.8892999999999999,0.020583026988273617
0.9897959183673469,0.6020408163265306,0.7941,0.00822003649626934
0.9897959183673469,0.6122448979591837,0.7255,0.011193078218256138
0.9897959183673469,0.6224489795918368,0.679,0.0055731499172371
0.9897959183673469,0.6326530612244898,0.6236999999999999,0.005628587744718924
0.9897959183673469,0.6428571428571428,0.6067,0.006526944154809353
0.9897959183673469,0.653061224489796,0.5744,0.007262506454386107
0.9897959183673469,0.6632653061224489,0.5441,0.005223887441360116
0.9897959183673469,0.673469387755102,0.5243,0.007494064317845156
0.9897959183673469,0.6836734693877551,0.5052000000000001,0.0069882758960991284
0.9897959183673469,0.6938775510204082,0.47909999999999997,0.004241344126571199
0.9897959183673469,0.7040816326530612,0.4593000000000001,0.005488260197913359
0.9897959183673469,0.7142857142857143,0.44899999999999995,0.0050616202939375065
0.9897959183673469,0.7244897959183674,0.4364,0.0038863864964771614
0.9897959183673469,0.7346938775510204,0.4187,0.003870529679514165
0.9897959183673469,0.7448979591836735,0.4022,0.004068906487006058
0.9897959183673469,0.7551020408163265,0.3923,0.003906532989749348
0.9897959183673469,0.7653061224489796,0.3829000000000001,0.006714834324091699
0.9897959183673469,0.7755102040816326,0.3695,0.004226700841081615
0.9897959183673469,0.7857142857142857,0.36579999999999996,0.003786291061183757
0.9897959183673469,0.7959183673469388,0.3591,0.0037428598691375057
0.9897959183673469,0.8061224489795918,0.3449,0.004075414089390177
0.9897959183673469,0.8163265306122449,0.34169999999999995,0.0008608135686662878
0.9897959183673469,0.8265306122448979,0.3373,0.0032126313202731458
0.9897959183673469,0.8367346938775511,0.3262999999999999,0.00280374749219683
0.9897959183673469,0.846938775510204,0.31599999999999995,0.0018165902124584966
0.9897959183673469,0.8571428571428571,0.3161,0.0025901737393464576
0.9897959183673469,0.8673469387755102,0.3127,0.0019393297811357423
0.9897959183673469,0.8775510204081634,0.3061,0.002783702570318893
0.9897959183673469,0.8877551020408163,0.3068,0.0015152557539900662
0.9897959183673469,0.8979591836734694,0.2965,0.0016324827717314522
0.9897959183673469,0.9081632653061225,0.29449999999999993,0.0012429802894656063
0.9897959183673469,0.9183673469387754,0.28969999999999996,0.0014903019828209326
0.9897959183673469,0.9285714285714286,0.2825,0.0015827191791344352
0.9897959183673469,0.9387755102040816,0.28240000000000004,0.0016504544828622155
0.9897959183673469,0.9489795918367347,0.27690000000000003,0.0013224976370489244
0.9897959183673469,0.9591836734693877,0.2739,0.000805605362444914
0.9897959183673469,0.9693877551020409,0.2722,0.0008809086218218103
0.9897959183673469,0.9795918367346939,0.2673,0.000938616002420586
0.9897959183673469,0.9897959183673469,0.2652,0.0009879271228182783
1.0,0.5,1.0,0.0
1.0,0.5102040816326531,1.0,0.0
1.0,0.5204081632653061,1.0,0.0
1.0,0.5306122448979592,1.0,0.0
1.0,0.5408163265306123,1.0,0.0
1.0,0.5510204081632653,1.0,0.0
1.0,0.5612244897959183,1.0,0.0
1.0,0.5714285714285714,1.0,0.0
1.0,0.5816326530612245,1.0,0.0
1.0,0.5918367346938775,0.8746,0.01851712720699407
1.0,0.6020408163265306,0.8011000000000001,0.006635435177891493
1.0,0.6122448979591837,0.7238999999999999,0.012519145338240945
1.0,0.6224489795918368,0.6930999999999999,0.007864413519137959
1.0,0.6326530612244898,0.6364,0.008350089819876198
1.0,0.6428571428571428,0.6048,0.010917692063801762
1.0,0.653061224489796,0.5658999999999998,0.007570270800968739
1.0,0.6632653061224489,0.5456000000000001,0.00512484146096247
1.0,0.673469387755102,0.5211999999999999,0.004544887237325039
1.0,0.6836734693877551,0.49870000000000003,0.0033616960005330675
1.0,0.6938775510204082,0.4770999999999999,0.0047464723743007265
1.0,0.7040816326530612,0.46909999999999996,0.005331885220069911
1.0,0.7142857142857143,0.4553,0.005414886887091915
1.0,0.7244897959183674,0.4332,0.0039007691549231664
1.0,0.7346938775510204,0.43150000000000005,0.0015443445211480514
1.0,0.7448979591836735,0.4121,0.003330015014981161
1.0,0.7551020408163265,0.39910000000000007,0.0051545125860744554
1.0,0.7653061224489797,0.39280000000000004,0.0023229291853175396
1.0,0.7755102040816326,0.3788,0.003189984325980304
1.0,0.7857142857142857,0.3725,0.003317378483079677
1.0,0.7959183673469388,0.3673,0.0024126748641290253
1.0,0.8061224489795918,0.34889999999999993,0.0023851624682608066
1.0,0.8163265306122449,0.34559999999999996,0.002953641819855612
1.0,0.8265306122448979,0.3404,0.0026465071320515973
1.0,0.8367346938775511,0.33540000000000003,0.0018121810064118857
1.0,0.846938775510204,0.3283,0.0019081404560461496
1.0,0.8571428571428572,0.32720000000000005,0.0025211108662651057
1.0,0.8673469387755102,0.3187,0.0013345411196362602
1.0,0.8775510204081632,0.31179999999999997,0.0016235762994081938
1.0,0.8877551020408163,0.3086,0.002060097085090896
1.0,0.8979591836734694,0.3024,0.0021175457492106295
1.0,0.9081632653061225,0.30239999999999995,0.0013130118049735893
1.0,0.9183673469387755,0.29429999999999995,0.001772286658529033
1.0,0.9285714285714286,0.2936,0.0025502941006872114
1.0,0.9387755102040816,0.288,0.0009899494936611633
1.0,0.9489795918367347,0.28569999999999995,0.0017149344010777764
1.0,0.9591836734693877,0.28159999999999996,0.0011153474794878882
1.0,0.9693877551020409,0.2792,0.0011207140580897462
1.0,0.9795918367346939,0.27460000000000007,0.0005138093031466056
1.0,0.9897959183673469,0.2732,0.0006131883886702363
1.0,1.0,0.27,0.0
