#Time elapsed: 770.7441022396088
#alpha: 0.27, px1: 0.25, px2: 0.25, T max: 2000, n realizations: 10, n nodes: 100, p: 1, ns: 50
#s1_s2_x_errx
0.5,nan,0.34199999999999997,0.007848566748139432
0.5102040816326531,0.5,0.7,0.14491376746189438
0.5102040816326531,0.5102040816326531,0.1,0.09486832980505139
0.5204081632653061,0.5,1.0,0.0
0.5204081632653061,0.5102040816326531,0.6,0.15491933384829668
0.5204081632653061,0.5204081632653061,0.0,0.0
0.5306122448979592,0.5,0.9,0.09486832980505139
0.5306122448979592,0.5102040816326531,0.4,0.1549193338482967
0.5306122448979592,0.5204081632653061,0.2,0.1264911064067352
0.5306122448979592,0.5306122448979592,0.1,0.09486832980505139
0.5408163265306123,0.5,1.0,0.0
0.5408163265306123,0.5102040816326531,0.8,0.1264911064067352
0.5408163265306123,0.5204081632653061,0.1,0.09486832980505139
0.5408163265306123,0.5306122448979592,0.0,0.0
0.5408163265306123,0.5408163265306123,0.0,0.0
0.5510204081632653,0.5,0.9,0.09486832980505137
0.5510204081632653,0.5102040816326531,0.8,0.12649110640673517
0.5510204081632653,0.5204081632653061,0.1,0.09486832980505139
0.5510204081632653,0.5306122448979591,0.0,0.0
0.5510204081632653,0.5408163265306122,0.0,0.0
0.5510204081632653,0.5510204081632653,0.0,0.0
0.5612244897959183,0.5,1.0,0.0
0.5612244897959183,0.5102040816326531,1.0,0.0
0.5612244897959183,0.5204081632653061,0.8,0.12649110640673517
0.5612244897959183,0.5306122448979591,0.3,0.14491376746189435
0.5612244897959183,0.5408163265306122,0.0,0.0
0.5612244897959183,0.5510204081632653,0.0,0.0
0.5612244897959183,0.5612244897959183,0.0,0.0
0.5714285714285714,0.5,1.0,0.0
0.5714285714285714,0.5102040816326531,1.0,0.0
0.5714285714285714,0.5204081632653061,0.7,0.14491376746189438
0.5714285714285714,0.5306122448979592,0.1,0.09486832980505139
0.5714285714285714,0.5408163265306122,0.0,0.0
0.5714285714285714,0.5510204081632653,0.0,0.0
0.5714285714285714,0.5612244897959183,0.0,0.0
0.5714285714285714,0.5714285714285714,0.0,0.0
0.5816326530612245,0.5,1.0,0.0
0.5816326530612245,0.5102040816326531,1.0,0.0
0.5816326530612245,0.5204081632653061,1.0,0.0
0.5816326530612245,0.5306122448979592,0.4,0.15491933384829668
0.5816326530612245,0.5408163265306123,0.2,0.1264911064067352
0.5816326530612245,0.5510204081632653,0.0,0.0
0.5816326530612245,0.5612244897959183,0.0,0.0
0.5816326530612245,0.5714285714285714,0.0,0.0
0.5816326530612245,0.5816326530612245,0.0,0.0
0.5918367346938775,0.5,1.0,0.0
0.5918367346938775,0.5102040816326531,0.9,0.09486832980505137
0.5918367346938775,0.5204081632653061,1.0,0.0
0.5918367346938775,0.5306122448979592,0.8,0.12649110640673517
0.5918367346938775,0.5408163265306123,0.2,0.1264911064067352
0.5918367346938775,0.5510204081632653,0.0,0.0
0.5918367346938775,0.5612244897959183,0.0,0.0
0.5918367346938775,0.5714285714285714,0.0,0.0
0.5918367346938775,0.5816326530612245,0.0,0.0
0.5918367346938775,0.5918367346938775,0.0,0.0
0.6020408163265306,0.5,1.0,0.0
0.6020408163265306,0.5102040816326531,1.0,0.0
0.6020408163265306,0.5204081632653061,1.0,0.0
0.6020408163265306,0.5306122448979592,0.8,0.12649110640673517
0.6020408163265306,0.5408163265306123,0.2,0.1264911064067352
0.6020408163265306,0.5510204081632653,0.1,0.09486832980505139
0.6020408163265306,0.5612244897959183,0.0,0.0
0.6020408163265306,0.5714285714285714,0.0,0.0
0.6020408163265306,0.5816326530612245,0.0,0.0
0.6020408163265306,0.5918367346938775,0.0,0.0
0.6020408163265306,0.6020408163265306,0.0,0.0
0.6122448979591837,0.5,1.0,0.0
0.6122448979591837,0.5102040816326531,1.0,0.0
0.6122448979591837,0.5204081632653061,1.0,0.0
0.6122448979591837,0.5306122448979592,1.0,0.0
0.6122448979591837,0.5408163265306123,0.4,0.15491933384829668
0.6122448979591837,0.5510204081632653,0.0,0.0
0.6122448979591837,0.5612244897959183,0.0,0.0
0.6122448979591837,0.5714285714285714,0.0,0.0
0.6122448979591837,0.5816326530612245,0.0,0.0
0.6122448979591837,0.5918367346938775,0.0,0.0
0.6122448979591837,0.6020408163265306,0.0,0.0
0.6122448979591837,0.6122448979591837,0.0,0.0
0.6224489795918368,0.5,1.0,0.0
0.6224489795918368,0.5102040816326531,1.0,0.0
0.6224489795918368,0.5204081632653061,1.0,0.0
0.6224489795918368,0.5306122448979592,1.0,0.0
0.6224489795918368,0.5408163265306123,0.7,0.14491376746189438
0.6224489795918368,0.5510204081632654,0.1,0.09486832980505139
0.6224489795918368,0.5612244897959184,0.0,0.0
0.6224489795918368,0.5714285714285714,0.0,0.0
0.6224489795918368,0.5816326530612245,0.0,0.0
0.6224489795918368,0.5918367346938775,0.0,0.0
0.6224489795918368,0.6020408163265306,0.0,0.0
0.6224489795918368,0.6122448979591837,0.0,0.0
0.6224489795918368,0.6224489795918368,0.0,0.0
0.6326530612244898,0.5,1.0,0.0
0.6326530612244898,0.5102040816326531,1.0,0.0
0.6326530612244898,0.5204081632653061,1.0,0.0
0.6326530612244898,0.5306122448979592,1.0,0.0
0.6326530612244898,0.5408163265306123,1.0,0.0
0.6326530612244898,0.5510204081632654,0.5,0.15811388300841897
0.6326530612244898,0.5612244897959184,0.1,0.09486832980505139
0.6326530612244898,0.5714285714285714,0.1,0.09486832980505139
0.6326530612244898,0.5816326530612245,0.0,0.0
0.6326530612244898,0.5918367346938775,0.0,0.0
0.6326530612244898,0.6020408163265306,0.0,0.0
0.6326530612244898,0.6122448979591837,0.0,0.0
0.6326530612244898,0.6224489795918368,0.0,0.0
0.6326530612244898,0.6326530612244898,0.0,0.0
0.6428571428571428,0.5,1.0,0.0
0.6428571428571428,0.5102040816326531,1.0,0.0
0.6428571428571428,0.5204081632653061,1.0,0.0
0.6428571428571428,0.5306122448979592,1.0,0.0
0.6428571428571428,0.5408163265306122,0.9,0.09486832980505137
0.6428571428571428,0.5510204081632653,0.6,0.15491933384829668
0.6428571428571428,0.5612244897959183,0.2,0.12649110640673517
0.6428571428571428,0.5714285714285714,0.0,0.0
0.6428571428571428,0.5816326530612245,0.0,0.0
0.6428571428571428,0.5918367346938775,0.0,0.0
0.6428571428571428,0.6020408163265306,0.0,0.0
0.6428571428571428,0.6122448979591836,0.0,0.0
0.6428571428571428,0.6224489795918366,0.0,0.0
0.6428571428571428,0.6326530612244897,0.0,0.0
0.6428571428571428,0.6428571428571428,0.0,0.0
0.653061224489796,0.5,1.0,0.0
0.653061224489796,0.5102040816326531,1.0,0.0
0.653061224489796,0.5204081632653061,1.0,0.0
0.653061224489796,0.5306122448979592,1.0,0.0
0.653061224489796,0.5408163265306123,1.0,0.0
0.653061224489796,0.5510204081632654,0.9,0.09486832980505139
0.653061224489796,0.5612244897959184,0.445,0.14907213019206506
0.653061224489796,0.5714285714285714,0.034999999999999996,0.03320391543176798
0.653061224489796,0.5816326530612246,0.0,0.0
0.653061224489796,0.5918367346938775,0.0,0.0
0.653061224489796,0.6020408163265306,0.0,0.0
0.653061224489796,0.6122448979591837,0.0,0.0
0.653061224489796,0.6224489795918368,0.0,0.0
0.653061224489796,0.6326530612244898,0.0,0.0
0.653061224489796,0.6428571428571429,0.0,0.0
0.653061224489796,0.653061224489796,0.0,0.0
0.6632653061224489,0.5,1.0,0.0
0.6632653061224489,0.5102040816326531,1.0,0.0
0.6632653061224489,0.5204081632653061,1.0,0.0
0.6632653061224489,0.5306122448979592,1.0,0.0
0.6632653061224489,0.5408163265306123,1.0,0.0
0.6632653061224489,0.5510204081632653,0.9,0.09486832980505139
0.6632653061224489,0.5612244897959183,0.648,0.14252578714043293
0.6632653061224489,0.5714285714285714,0.0,0.0
0.6632653061224489,0.5816326530612245,0.0,0.0
0.6632653061224489,0.5918367346938775,0.0,0.0
0.6632653061224489,0.6020408163265306,0.0,0.0
0.6632653061224489,0.6122448979591837,0.0,0.0
0.6632653061224489,0.6224489795918366,0.0,0.0
0.6632653061224489,0.6326530612244898,0.0,0.0
0.6632653061224489,0.6428571428571428,0.0,0.0
0.6632653061224489,0.6530612244897959,0.0,0.0
0.6632653061224489,0.6632653061224489,0.0,0.0
0.673469387755102,0.5,1.0,0.0
0.673469387755102,0.5102040816326531,1.0,0.0
0.673469387755102,0.5204081632653061,1.0,0.0
0.673469387755102,0.5306122448979592,1.0,0.0
0.673469387755102,0.5408163265306123,1.0,0.0
0.673469387755102,0.5510204081632653,1.0,0.0
0.673469387755102,0.5612244897959183,0.5700000000000001,0.14969969939849576
0.673469387755102,0.5714285714285714,0.3,0.14491376746189438
0.673469387755102,0.5816326530612245,0.0,0.0
0.673469387755102,0.5918367346938775,0.0,0.0
0.673469387755102,0.6020408163265306,0.0,0.0
0.673469387755102,0.6122448979591837,0.0,0.0
0.673469387755102,0.6224489795918368,0.0,0.0
0.673469387755102,0.6326530612244898,0.0,0.0
0.673469387755102,0.6428571428571428,0.0,0.0
0.673469387755102,0.6530612244897959,0.0,0.0
0.673469387755102,0.6632653061224489,0.0,0.0
0.673469387755102,0.673469387755102,0.0,0.0
0.6836734693877551,0.5,1.0,0.0
0.6836734693877551,0.5102040816326531,1.0,0.0
0.6836734693877551,0.5204081632653061,1.0,0.0
0.6836734693877551,0.5306122448979592,1.0,0.0
0.6836734693877551,0.5408163265306123,1.0,0.0
0.6836734693877551,0.5510204081632653,1.0,0.0
0.6836734693877551,0.5612244897959183,0.9,0.09486832980505139
0.6836734693877551,0.5714285714285714,0.3,0.14491376746189435
0.6836734693877551,0.5816326530612245,0.0,0.0
0.6836734693877551,0.5918367346938775,0.0,0.0
0.6836734693877551,0.6020408163265306,0.0,0.0
0.6836734693877551,0.6122448979591837,0.0,0.0
0.6836734693877551,0.6224489795918368,0.0,0.0
0.6836734693877551,0.6326530612244898,0.0,0.0
0.6836734693877551,0.6428571428571428,0.0,0.0
0.6836734693877551,0.653061224489796,0.0,0.0
0.6836734693877551,0.6632653061224489,0.0,0.0
0.6836734693877551,0.673469387755102,0.0,0.0
0.6836734693877551,0.6836734693877551,0.0,0.0
0.6938775510204082,0.5,1.0,0.0
0.6938775510204082,0.5102040816326531,1.0,0.0
0.6938775510204082,0.5204081632653061,1.0,0.0
0.6938775510204082,0.5306122448979592,1.0,0.0
0.6938775510204082,0.5408163265306123,1.0,0.0
0.6938775510204082,0.5510204081632653,1.0,0.0
0.6938775510204082,0.5612244897959183,0.9,0.09486832980505137
0.6938775510204082,0.5714285714285714,0.584,0.13633928267377676
0.6938775510204082,0.5816326530612245,0.2,0.1264911064067352
0.6938775510204082,0.5918367346938775,0.0,0.0
0.6938775510204082,0.6020408163265306,0.0,0.0
0.6938775510204082,0.6122448979591837,0.0,0.0
0.6938775510204082,0.6224489795918368,0.0,0.0
0.6938775510204082,0.6326530612244898,0.0,0.0
0.6938775510204082,0.6428571428571428,0.0,0.0
0.6938775510204082,0.653061224489796,0.0,0.0
0.6938775510204082,0.6632653061224489,0.0,0.0
0.6938775510204082,0.673469387755102,0.0,0.0
0.6938775510204082,0.6836734693877551,0.0,0.0
0.6938775510204082,0.6938775510204082,0.0,0.0
0.7040816326530612,0.5,1.0,0.0
0.7040816326530612,0.5102040816326531,1.0,0.0
0.7040816326530612,0.5204081632653061,1.0,0.0
0.7040816326530612,0.5306122448979592,1.0,0.0
0.7040816326530612,0.5408163265306123,1.0,0.0
0.7040816326530612,0.5510204081632653,1.0,0.0
0.7040816326530612,0.5612244897959183,1.0,0.0
0.7040816326530612,0.5714285714285714,1.0,0.0
0.7040816326530612,0.5816326530612245,0.362,0.1335200359496656
0.7040816326530612,0.5918367346938775,0.0,0.0
0.7040816326530612,0.6020408163265306,0.0,0.0
0.7040816326530612,0.6122448979591837,0.0,0.0
0.7040816326530612,0.6224489795918368,0.0,0.0
0.7040816326530612,0.6326530612244898,0.0,0.0
0.7040816326530612,0.6428571428571428,0.0,0.0
0.7040816326530612,0.653061224489796,0.0,0.0
0.7040816326530612,0.6632653061224489,0.0,0.0
0.7040816326530612,0.673469387755102,0.0,0.0
0.7040816326530612,0.6836734693877551,0.0,0.0
0.7040816326530612,0.6938775510204082,0.0,0.0
0.7040816326530612,0.7040816326530612,0.0,0.0
0.7142857142857143,0.5,1.0,0.0
0.7142857142857143,0.5102040816326531,1.0,0.0
0.7142857142857143,0.5204081632653061,1.0,0.0
0.7142857142857143,0.5306122448979592,1.0,0.0
0.7142857142857143,0.5408163265306123,1.0,0.0
0.7142857142857143,0.5510204081632653,1.0,0.0
0.7142857142857143,0.5612244897959183,1.0,0.0
0.7142857142857143,0.5714285714285714,0.943,0.05407494798887927
0.7142857142857143,0.5816326530612245,0.6839999999999999,0.12811088946689894
0.7142857142857143,0.5918367346938775,0.124,0.0541885596782199
0.7142857142857143,0.6020408163265306,0.045,0.04269074841227312
0.7142857142857143,0.6122448979591837,0.0,0.0
0.7142857142857143,0.6224489795918368,0.0,0.0
0.7142857142857143,0.6326530612244898,0.0,0.0
0.7142857142857143,0.6428571428571428,0.0,0.0
0.7142857142857143,0.653061224489796,0.0,0.0
0.7142857142857143,0.6632653061224489,0.0,0.0
0.7142857142857143,0.6734693877551021,0.0,0.0
0.7142857142857143,0.6836734693877551,0.0,0.0
0.7142857142857143,0.6938775510204082,0.0,0.0
0.7142857142857143,0.7040816326530612,0.0,0.0
0.7142857142857143,0.7142857142857143,0.0,0.0
0.7244897959183674,0.5,1.0,0.0
0.7244897959183674,0.5102040816326531,1.0,0.0
0.7244897959183674,0.5204081632653061,1.0,0.0
0.7244897959183674,0.5306122448979592,1.0,0.0
0.7244897959183674,0.5408163265306123,1.0,0.0
0.7244897959183674,0.5510204081632653,1.0,0.0
0.7244897959183674,0.5612244897959183,1.0,0.0
0.7244897959183674,0.5714285714285714,1.0,0.0
0.7244897959183674,0.5816326530612245,0.5860000000000001,0.12145122477768594
0.7244897959183674,0.5918367346938775,0.252,0.10227218585715277
0.7244897959183674,0.6020408163265306,0.051000000000000004,0.036123399618529825
0.7244897959183674,0.6122448979591837,0.0,0.0
0.7244897959183674,0.6224489795918368,0.0,0.0
0.7244897959183674,0.6326530612244898,0.0,0.0
0.7244897959183674,0.6428571428571429,0.0,0.0
0.7244897959183674,0.653061224489796,0.0,0.0
0.7244897959183674,0.6632653061224489,0.0,0.0
0.7244897959183674,0.6734693877551021,0.0,0.0
0.7244897959183674,0.6836734693877551,0.0,0.0
0.7244897959183674,0.6938775510204082,0.0,0.0
0.7244897959183674,0.7040816326530612,0.0,0.0
0.7244897959183674,0.7142857142857143,0.0,0.0
0.7244897959183674,0.7244897959183674,0.0,0.0
0.7346938775510204,0.5,1.0,0.0
0.7346938775510204,0.5102040816326531,1.0,0.0
0.7346938775510204,0.5204081632653061,1.0,0.0
0.7346938775510204,0.5306122448979592,1.0,0.0
0.7346938775510204,0.5408163265306123,1.0,0.0
0.7346938775510204,0.5510204081632654,1.0,0.0
0.7346938775510204,0.5612244897959183,1.0,0.0
0.7346938775510204,0.5714285714285714,1.0,0.0
0.7346938775510204,0.5816326530612245,0.842,0.08243542927649493
0.7346938775510204,0.5918367346938775,0.5,0.1150825790465264
0.7346938775510204,0.6020408163265306,0.195,0.0638631349058281
0.7346938775510204,0.6122448979591837,0.076,0.04808742039244775
0.7346938775510204,0.6224489795918368,0.0,0.0
0.7346938775510204,0.6326530612244898,0.0,0.0
0.7346938775510204,0.6428571428571429,0.0,0.0
0.7346938775510204,0.653061224489796,0.0,0.0
0.7346938775510204,0.6632653061224489,0.0,0.0
0.7346938775510204,0.6734693877551021,0.0,0.0
0.7346938775510204,0.6836734693877551,0.0,0.0
0.7346938775510204,0.6938775510204082,0.0,0.0
0.7346938775510204,0.7040816326530612,0.0,0.0
0.7346938775510204,0.7142857142857143,0.0,0.0
0.7346938775510204,0.7244897959183674,0.0,0.0
0.7346938775510204,0.7346938775510204,0.0,0.0
0.7448979591836735,0.5,1.0,0.0
0.7448979591836735,0.5102040816326531,1.0,0.0
0.7448979591836735,0.5204081632653061,1.0,0.0
0.7448979591836735,0.5306122448979592,1.0,0.0
0.7448979591836735,0.5408163265306123,1.0,0.0
0.7448979591836735,0.5510204081632654,1.0,0.0
0.7448979591836735,0.5612244897959184,1.0,0.0
0.7448979591836735,0.5714285714285714,1.0,0.0
0.7448979591836735,0.5816326530612245,1.0,0.0
0.7448979591836735,0.5918367346938775,0.6100000000000001,0.07311634564172363
0.7448979591836735,0.6020408163265306,0.35700000000000004,0.0669186072777968
0.7448979591836735,0.6122448979591837,0.145,0.05867282164682384
0.7448979591836735,0.6224489795918368,0.02,0.012961481396815718
0.7448979591836735,0.6326530612244898,0.041,0.025940316112183368
0.7448979591836735,0.6428571428571429,0.0,0.0
0.7448979591836735,0.653061224489796,0.0,0.0
0.7448979591836735,0.6632653061224489,0.0,0.0
0.7448979591836735,0.6734693877551021,0.0,0.0
0.7448979591836735,0.6836734693877551,0.0,0.0
0.7448979591836735,0.6938775510204082,0.0,0.0
0.7448979591836735,0.7040816326530612,0.0,0.0
0.7448979591836735,0.7142857142857143,0.0,0.0
0.7448979591836735,0.7244897959183674,0.0,0.0
0.7448979591836735,0.7346938775510204,0.0,0.0
0.7448979591836735,0.7448979591836735,0.0,0.0
0.7551020408163265,0.5,1.0,0.0
0.7551020408163265,0.5102040816326531,1.0,0.0
0.7551020408163265,0.5204081632653061,1.0,0.0
0.7551020408163265,0.5306122448979592,1.0,0.0
0.7551020408163265,0.5408163265306123,1.0,0.0
0.7551020408163265,0.5510204081632653,1.0,0.0
0.7551020408163265,0.5612244897959183,1.0,0.0
0.7551020408163265,0.5714285714285714,1.0,0.0
0.7551020408163265,0.5816326530612245,0.97,0.02846049894151541
0.7551020408163265,0.5918367346938775,0.8870000000000001,0.055082665149754684
0.7551020408163265,0.6020408163265306,0.434,0.08822924685159676
0.7551020408163265,0.6122448979591837,0.31500000000000006,0.08548976546932387
0.7551020408163265,0.6224489795918366,0.10200000000000001,0.056174727413668864
0.7551020408163265,0.6326530612244898,0.043,0.040793381816172085
0.7551020408163265,0.6428571428571428,0.0,0.0
0.7551020408163265,0.6530612244897959,0.0,0.0
0.7551020408163265,0.6632653061224489,0.0,0.0
0.7551020408163265,0.673469387755102,0.0,0.0
0.7551020408163265,0.6836734693877551,0.0,0.0
0.7551020408163265,0.6938775510204082,0.0,0.0
0.7551020408163265,0.7040816326530612,0.0,0.0
0.7551020408163265,0.7142857142857142,0.0,0.0
0.7551020408163265,0.7244897959183673,0.0,0.0
0.7551020408163265,0.7346938775510203,0.0,0.0
0.7551020408163265,0.7448979591836734,0.0,0.0
0.7551020408163265,0.7551020408163265,0.0,0.0
0.7653061224489797,0.5,1.0,0.0
0.7653061224489797,0.5102040816326531,1.0,0.0
0.7653061224489797,0.5204081632653061,1.0,0.0
0.7653061224489797,0.5306122448979592,1.0,0.0
0.7653061224489797,0.5408163265306123,1.0,0.0
0.7653061224489797,0.5510204081632654,1.0,0.0
0.7653061224489797,0.5612244897959184,1.0,0.0
0.7653061224489797,0.5714285714285714,1.0,0.0
0.7653061224489797,0.5816326530612245,0.9550000000000001,0.04269074841227312
0.7653061224489797,0.5918367346938775,0.827,0.06742477289542768
0.7653061224489797,0.6020408163265306,0.507,0.1086834854060174
0.7653061224489797,0.6122448979591837,0.32599999999999996,0.04382236871735712
0.7653061224489797,0.6224489795918368,0.265,0.05992078103629825
0.7653061224489797,0.6326530612244898,0.173,0.058686454996021015
0.7653061224489797,0.6428571428571429,0.042,0.027488179277645873
0.7653061224489797,0.653061224489796,0.0,0.0
0.7653061224489797,0.663265306122449,0.0,0.0
0.7653061224489797,0.6734693877551021,0.0,0.0
0.7653061224489797,0.6836734693877551,0.0,0.0
0.7653061224489797,0.6938775510204083,0.0,0.0
0.7653061224489797,0.7040816326530612,0.0,0.0
0.7653061224489797,0.7142857142857144,0.0,0.0
0.7653061224489797,0.7244897959183674,0.0,0.0
0.7653061224489797,0.7346938775510204,0.0,0.0
0.7653061224489797,0.7448979591836735,0.0,0.0
0.7653061224489797,0.7551020408163266,0.0,0.0
0.7653061224489797,0.7653061224489797,0.0,0.0
0.7755102040816326,0.5,1.0,0.0
0.7755102040816326,0.5102040816326531,1.0,0.0
0.7755102040816326,0.5204081632653061,1.0,0.0
0.7755102040816326,0.5306122448979592,1.0,0.0
0.7755102040816326,0.5408163265306123,1.0,0.0
0.7755102040816326,0.5510204081632653,1.0,0.0
0.7755102040816326,0.5612244897959183,1.0,0.0
0.7755102040816326,0.5714285714285714,1.0,0.0
0.7755102040816326,0.5816326530612245,1.0,0.0
0.7755102040816326,0.5918367346938775,0.899,0.05824860513351372
0.7755102040816326,0.6020408163265306,0.64,0.07028513356322232
0.7755102040816326,0.6122448979591837,0.492,0.06233458109268081
0.7755102040816326,0.6224489795918368,0.368,0.04098292327299261
0.7755102040816326,0.6326530612244898,0.179,0.05148689153561322
0.7755102040816326,0.6428571428571428,0.142,0.03996998874155458
0.7755102040816326,0.653061224489796,0.15099999999999997,0.04311496260000697
0.7755102040816326,0.6632653061224489,0.06100000000000001,0.03034633421024688
0.7755102040816326,0.673469387755102,0.0,0.0
0.7755102040816326,0.6836734693877551,0.0,0.0
0.7755102040816326,0.6938775510204082,0.0,0.0
0.7755102040816326,0.7040816326530612,0.0,0.0
0.7755102040816326,0.7142857142857143,0.0,0.0
0.7755102040816326,0.7244897959183674,0.0,0.0
0.7755102040816326,0.7346938775510203,0.0,0.0
0.7755102040816326,0.7448979591836734,0.0,0.0
0.7755102040816326,0.7551020408163265,0.0,0.0
0.7755102040816326,0.7653061224489796,0.0,0.0
0.7755102040816326,0.7755102040816326,0.0,0.0
0.7857142857142857,0.5,1.0,0.0
0.7857142857142857,0.5102040816326531,1.0,0.0
0.7857142857142857,0.5204081632653061,1.0,0.0
0.7857142857142857,0.5306122448979592,1.0,0.0
0.7857142857142857,0.5408163265306123,1.0,0.0
0.7857142857142857,0.5510204081632653,1.0,0.0
0.7857142857142857,0.5612244897959183,1.0,0.0
0.7857142857142857,0.5714285714285714,1.0,0.0
0.7857142857142857,0.5816326530612245,1.0,0.0
0.7857142857142857,0.5918367346938775,1.0,0.0
0.7857142857142857,0.6020408163265306,0.861,0.05972352970145016
0.7857142857142857,0.6122448979591837,0.43100000000000005,0.03392491709643518
0.7857142857142857,0.6224489795918368,0.483,0.047938502271139015
0.7857142857142857,0.6326530612244898,0.39,0.04690415759823429
0.7857142857142857,0.6428571428571428,0.23399999999999999,0.05105291372683835
0.7857142857142857,0.6530612244897959,0.24699999999999997,0.053610633273633315
0.7857142857142857,0.6632653061224489,0.067,0.03328813602471607
0.7857142857142857,0.673469387755102,0.054000000000000006,0.034181866537683396
0.7857142857142857,0.6836734693877551,0.028999999999999998,0.027511815643464898
0.7857142857142857,0.6938775510204082,0.0,0.0
0.7857142857142857,0.7040816326530612,0.0,0.0
0.7857142857142857,0.7142857142857143,0.0,0.0
0.7857142857142857,0.7244897959183674,0.0,0.0
0.7857142857142857,0.7346938775510203,0.0,0.0
0.7857142857142857,0.7448979591836734,0.0,0.0
0.7857142857142857,0.7551020408163265,0.0,0.0
0.7857142857142857,0.7653061224489797,0.0,0.0
0.7857142857142857,0.7755102040816326,0.0,0.0
0.7857142857142857,0.7857142857142857,0.0,0.0
0.7959183673469388,0.5,1.0,0.0
0.7959183673469388,0.5102040816326531,1.0,0.0
0.7959183673469388,0.5204081632653061,1.0,0.0
0.7959183673469388,0.5306122448979592,1.0,0.0
0.7959183673469388,0.5408163265306123,1.0,0.0
0.7959183673469388,0.5510204081632653,1.0,0.0
0.7959183673469388,0.5612244897959183,1.0,0.0
0.7959183673469388,0.5714285714285714,1.0,0.0
0.7959183673469388,0.5816326530612245,1.0,0.0
0.7959183673469388,0.5918367346938775,1.0,0.0
0.7959183673469388,0.6020408163265306,0.6719999999999999,0.07129936886116174
0.7959183673469388,0.6122448979591837,0.445,0.034677081768799405
0.7959183673469388,0.6224489795918368,0.429,0.033420053859920695
0.7959183673469388,0.6326530612244898,0.3860000000000001,0.05024340752775433
0.7959183673469388,0.6428571428571428,0.312,0.01922498374511666
0.7959183673469388,0.653061224489796,0.24899999999999997,0.05684100632465965
0.7959183673469388,0.6632653061224489,0.16899999999999998,0.0518546044242939
0.7959183673469388,0.673469387755102,0.185,0.03461935874622752
0.7959183673469388,0.6836734693877551,0.08399999999999999,0.03614415582082392
0.7959183673469388,0.6938775510204082,0.015,0.014230249470757706
0.7959183673469388,0.7040816326530612,0.062,0.030815580474818253
0.7959183673469388,0.7142857142857143,0.0,0.0
0.7959183673469388,0.7244897959183674,0.031,0.029409182239565936
0.7959183673469388,0.7346938775510204,0.0,0.0
0.7959183673469388,0.7448979591836735,0.0,0.0
0.7959183673469388,0.7551020408163265,0.0,0.0
0.7959183673469388,0.7653061224489797,0.0,0.0
0.7959183673469388,0.7755102040816326,0.0,0.0
0.7959183673469388,0.7857142857142857,0.0,0.0
0.7959183673469388,0.7959183673469388,0.0,0.0
0.8061224489795918,0.5,1.0,0.0
0.8061224489795918,0.5102040816326531,1.0,0.0
0.8061224489795918,0.5204081632653061,1.0,0.0
0.8061224489795918,0.5306122448979592,1.0,0.0
0.8061224489795918,0.5408163265306123,1.0,0.0
0.8061224489795918,0.5510204081632653,1.0,0.0
0.8061224489795918,0.5612244897959183,1.0,0.0
0.8061224489795918,0.5714285714285714,1.0,0.0
0.8061224489795918,0.5816326530612245,1.0,0.0
0.8061224489795918,0.5918367346938775,1.0,0.0
0.8061224489795918,0.6020408163265306,0.776,0.07409723341663978
0.8061224489795918,0.6122448979591837,0.518,0.036573214242119866
0.8061224489795918,0.6224489795918368,0.434,0.0325023076103836
0.8061224489795918,0.6326530612244898,0.41900000000000004,0.025630060475933334
0.8061224489795918,0.6428571428571428,0.371,0.030014996251873826
0.8061224489795918,0.653061224489796,0.33799999999999997,0.024445858544956033
0.8061224489795918,0.6632653061224489,0.263,0.03818507561862357
0.8061224489795918,0.673469387755102,0.202,0.043238871400627474
0.8061224489795918,0.6836734693877551,0.099,0.034509419004092205
0.8061224489795918,0.6938775510204082,0.149,0.035452785504103905
0.8061224489795918,0.7040816326530612,0.081,0.040036233589087776
0.8061224489795918,0.7142857142857143,0.06899999999999999,0.03459624257054514
0.8061224489795918,0.7244897959183674,0.043000000000000003,0.027278196421317895
0.8061224489795918,0.7346938775510204,0.028999999999999998,0.027511815643464898
0.8061224489795918,0.7448979591836735,0.042,0.026600751869073177
0.8061224489795918,0.7551020408163265,0.0,0.0
0.8061224489795918,0.7653061224489797,0.0,0.0
0.8061224489795918,0.7755102040816326,0.0,0.0
0.8061224489795918,0.7857142857142857,0.0,0.0
0.8061224489795918,0.7959183673469388,0.0,0.0
0.8061224489795918,0.8061224489795918,0.0,0.0
0.8163265306122449,0.5,1.0,0.0
0.8163265306122449,0.5102040816326531,1.0,0.0
0.8163265306122449,0.5204081632653061,1.0,0.0
0.8163265306122449,0.5306122448979592,1.0,0.0
0.8163265306122449,0.5408163265306123,1.0,0.0
0.8163265306122449,0.5510204081632653,1.0,0.0
0.8163265306122449,0.5612244897959183,1.0,0.0
0.8163265306122449,0.5714285714285714,1.0,0.0
0.8163265306122449,0.5816326530612245,1.0,0.0
0.8163265306122449,0.5918367346938775,1.0,0.0
0.8163265306122449,0.6020408163265306,0.7220000000000002,0.07770199482638783
0.8163265306122449,0.6122448979591837,0.546,0.0355584026637868
0.8163265306122449,0.6224489795918368,0.53,0.03957271787481875
0.8163265306122449,0.6326530612244898,0.42300000000000004,0.028846143589741767
0.8163265306122449,0.6428571428571428,0.37300000000000005,0.02494193256345626
0.8163265306122449,0.653061224489796,0.31100000000000005,0.04186764860844228
0.8163265306122449,0.6632653061224489,0.313,0.04164252634026903
0.8163265306122449,0.673469387755102,0.32600000000000007,0.024298148077579903
0.8163265306122449,0.6836734693877551,0.261,0.04780062761094251
0.8163265306122449,0.6938775510204082,0.221,0.025591014047903607
0.8163265306122449,0.7040816326530612,0.202,0.03267414880299103
0.8163265306122449,0.7142857142857143,0.072,0.03549084388965694
0.8163265306122449,0.7244897959183674,0.121,0.04021069509471329
0.8163265306122449,0.7346938775510204,0.05500000000000001,0.02577789750930048
0.8163265306122449,0.7448979591836735,0.08499999999999999,0.028363709207365667
0.8163265306122449,0.7551020408163265,0.05700000000000001,0.029361539469176343
0.8163265306122449,0.7653061224489797,0.017,0.016127616066858735
0.8163265306122449,0.7755102040816326,0.0,0.0
0.8163265306122449,0.7857142857142857,0.0,0.0
0.8163265306122449,0.7959183673469388,0.0,0.0
0.8163265306122449,0.8061224489795918,0.0,0.0
0.8163265306122449,0.8163265306122449,0.0,0.0
0.8265306122448979,0.5,1.0,0.0
0.8265306122448979,0.5102040816326531,1.0,0.0
0.8265306122448979,0.5204081632653061,1.0,0.0
0.8265306122448979,0.5306122448979592,1.0,0.0
0.8265306122448979,0.5408163265306123,1.0,0.0
0.8265306122448979,0.5510204081632653,1.0,0.0
0.8265306122448979,0.5612244897959183,1.0,0.0
0.8265306122448979,0.5714285714285714,1.0,0.0
0.8265306122448979,0.5816326530612245,1.0,0.0
0.8265306122448979,0.5918367346938775,1.0,0.0
0.8265306122448979,0.6020408163265306,0.8630000000000001,0.07285670868217971
0.8265306122448979,0.6122448979591837,0.6930000000000001,0.07849904458017308
0.8265306122448979,0.6224489795918366,0.47400000000000003,0.020552372125864204
0.8265306122448979,0.6326530612244898,0.44800000000000006,0.020966640169564597
0.8265306122448979,0.6428571428571428,0.44000000000000006,0.03919183588453085
0.8265306122448979,0.6530612244897959,0.391,0.0306088222576433
0.8265306122448979,0.6632653061224489,0.327,0.026117044243175756
0.8265306122448979,0.673469387755102,0.29,0.023323807579381194
0.8265306122448979,0.6836734693877551,0.25800000000000006,0.013175735273600483
0.8265306122448979,0.693877551020408,0.27,0.024166091947189144
0.8265306122448979,0.7040816326530612,0.21599999999999997,0.025969212541007092
0.8265306122448979,0.7142857142857142,0.13399999999999998,0.03865747017071862
0.8265306122448979,0.7244897959183673,0.21100000000000002,0.027620644453017387
0.8265306122448979,0.7346938775510203,0.146,0.02789982078795489
0.8265306122448979,0.7448979591836734,0.12999999999999998,0.03893584466786357
0.8265306122448979,0.7551020408163265,0.136,0.026653329998332285
0.8265306122448979,0.7653061224489796,0.093,0.02925918659156471
0.8265306122448979,0.7755102040816326,0.06799999999999999,0.03497999428244664
0.8265306122448979,0.7857142857142856,0.024,0.02173476477903545
0.8265306122448979,0.7959183673469388,0.019,0.018024982662959762
0.8265306122448979,0.8061224489795917,0.0,0.0
0.8265306122448979,0.8163265306122448,0.0,0.0
0.8265306122448979,0.8265306122448979,0.0,0.0
0.8367346938775511,0.5,1.0,0.0
0.8367346938775511,0.5102040816326531,1.0,0.0
0.8367346938775511,0.5204081632653061,1.0,0.0
0.8367346938775511,0.5306122448979592,1.0,0.0
0.8367346938775511,0.5408163265306123,1.0,0.0
0.8367346938775511,0.5510204081632654,1.0,0.0
0.8367346938775511,0.5612244897959184,1.0,0.0
0.8367346938775511,0.5714285714285714,1.0,0.0
0.8367346938775511,0.5816326530612245,1.0,0.0
0.8367346938775511,0.5918367346938775,1.0,0.0
0.8367346938775511,0.6020408163265306,0.9620000000000001,0.03604996532591953
0.8367346938775511,0.6122448979591837,0.543,0.05205862080385918
0.8367346938775511,0.6224489795918368,0.5329999999999999,0.05573239632386176
0.8367346938775511,0.6326530612244898,0.4999999999999999,0.02227105745132009
0.8367346938775511,0.6428571428571429,0.44699999999999995,0.02846225570821821
0.8367346938775511,0.653061224489796,0.42400000000000004,0.02646507132051603
0.8367346938775511,0.6632653061224489,0.36899999999999994,0.019567830743339946
0.8367346938775511,0.6734693877551021,0.383,0.023876766950322228
0.8367346938775511,0.6836734693877551,0.29599999999999993,0.03450217384455652
0.8367346938775511,0.6938775510204083,0.297,0.016616257099599775
0.8367346938775511,0.7040816326530612,0.23900000000000002,0.032138761643846825
0.8367346938775511,0.7142857142857143,0.271,0.018678865061882106
0.8367346938775511,0.7244897959183674,0.23400000000000004,0.01789972066821156
0.8367346938775511,0.7346938775510204,0.184,0.03412330581875091
0.8367346938775511,0.7448979591836735,0.15299999999999997,0.027387953556262657
0.8367346938775511,0.7551020408163265,0.15100000000000002,0.03008155581082866
0.8367346938775511,0.7653061224489797,0.155,0.0340073521462639
0.8367346938775511,0.7755102040816326,0.072,0.028206382256503577
0.8367346938775511,0.7857142857142858,0.089,0.029306995751867845
0.8367346938775511,0.7959183673469388,0.096,0.03379940827884417
0.8367346938775511,0.8061224489795918,0.067,0.021309622239730108
0.8367346938775511,0.8163265306122449,0.052000000000000005,0.027011108825814607
0.8367346938775511,0.826530612244898,0.026000000000000002,0.016012495120998473
0.8367346938775511,0.8367346938775511,0.05700000000000001,0.028846143589741767
0.846938775510204,0.5,1.0,0.0
0.846938775510204,0.5102040816326531,1.0,0.0
0.846938775510204,0.5204081632653061,1.0,0.0
0.846938775510204,0.5306122448979592,1.0,0.0
0.846938775510204,0.5408163265306123,1.0,0.0
0.846938775510204,0.5510204081632653,1.0,0.0
0.846938775510204,0.5612244897959183,1.0,0.0
0.846938775510204,0.5714285714285714,1.0,0.0
0.846938775510204,0.5816326530612245,1.0,0.0
0.846938775510204,0.5918367346938775,1.0,0.0
0.846938775510204,0.6020408163265306,0.9259999999999999,0.05081731988210319
0.846938775510204,0.6122448979591837,0.632,0.05057271991894444
0.846938775510204,0.6224489795918368,0.5800000000000001,0.03773592452822642
0.846938775510204,0.6326530612244898,0.531,0.02151511096880515
0.846938775510204,0.6428571428571428,0.469,0.02670018726526089
0.846938775510204,0.6530612244897959,0.384,0.02064945519862449
0.846938775510204,0.6632653061224489,0.43100000000000005,0.024917865077088767
0.846938775510204,0.673469387755102,0.38499999999999995,0.023632604596192944
0.846938775510204,0.6836734693877551,0.33399999999999996,0.023375200533899167
0.846938775510204,0.6938775510204082,0.33899999999999997,0.02170023041352326
0.846938775510204,0.7040816326530612,0.344,0.018341210428976594
0.846938775510204,0.7142857142857142,0.32399999999999995,0.010601886624558857
0.846938775510204,0.7244897959183674,0.28900000000000003,0.015129441496631656
0.846938775510204,0.7346938775510203,0.268,0.020871032557111303
0.846938775510204,0.7448979591836734,0.21799999999999997,0.028277199295545515
0.846938775510204,0.7551020408163265,0.20099999999999998,0.031668596432428135
0.846938775510204,0.7653061224489796,0.15999999999999998,0.030265491900843117
0.846938775510204,0.7755102040816326,0.16299999999999998,0.03127459032505461
0.846938775510204,0.7857142857142856,0.148,0.03477930419085465
0.846938775510204,0.7959183673469388,0.10600000000000001,0.031660701192487824
0.846938775510204,0.8061224489795917,0.11700000000000002,0.02262962659877533
0.846938775510204,0.8163265306122449,0.07300000000000001,0.028776726707532254
0.846938775510204,0.8265306122448979,0.142,0.02715879231482873
0.846938775510204,0.836734693877551,0.057999999999999996,0.0242816803372419
0.846938775510204,0.846938775510204,0.069,0.02910154635066666
0.8571428571428572,0.5,1.0,0.0
0.8571428571428572,0.5102040816326531,1.0,0.0
0.8571428571428572,0.5204081632653061,1.0,0.0
0.8571428571428572,0.5306122448979592,1.0,0.0
0.8571428571428572,0.5408163265306123,1.0,0.0
0.8571428571428572,0.5510204081632654,1.0,0.0
0.8571428571428572,0.5612244897959184,1.0,0.0
0.8571428571428572,0.5714285714285714,1.0,0.0
0.8571428571428572,0.5816326530612245,1.0,0.0
0.8571428571428572,0.5918367346938775,1.0,0.0
0.8571428571428572,0.6020408163265306,0.99,0.009486832980505134
0.8571428571428572,0.6122448979591837,0.6839999999999999,0.0559499776586193
0.8571428571428572,0.6224489795918368,0.5379999999999999,0.022969545054266963
0.8571428571428572,0.6326530612244898,0.545,0.033324165405903265
0.8571428571428572,0.6428571428571429,0.453,0.022893230440459905
0.8571428571428572,0.653061224489796,0.40099999999999997,0.01910235587565052
0.8571428571428572,0.6632653061224489,0.434,0.023073794659743338
0.8571428571428572,0.6734693877551021,0.374,0.020356817039999153
0.8571428571428572,0.6836734693877551,0.33599999999999997,0.02223510737549967
0.8571428571428572,0.6938775510204082,0.281,0.011528226229563674
0.8571428571428572,0.7040816326530612,0.27,0.0372827037646145
0.8571428571428572,0.7142857142857143,0.302,0.019120669444347392
0.8571428571428572,0.7244897959183674,0.278,0.00869482604771366
0.8571428571428572,0.7346938775510204,0.257,0.016616257099599775
0.8571428571428572,0.7448979591836735,0.24200000000000005,0.013326664999166142
0.8571428571428572,0.7551020408163266,0.266,0.015046594299043222
0.8571428571428572,0.7653061224489797,0.23000000000000004,0.015427248620541512
0.8571428571428572,0.7755102040816327,0.24,0.0212602916254693
0.8571428571428572,0.7857142857142858,0.184,0.020890189084831184
0.8571428571428572,0.7959183673469388,0.20800000000000002,0.022172054483064932
0.8571428571428572,0.806122448979592,0.174,0.022190087877248254
0.8571428571428572,0.8163265306122449,0.188,0.025799224794555355
0.8571428571428572,0.826530612244898,0.13699999999999998,0.02358177262209098
0.8571428571428572,0.8367346938775511,0.139,0.03235583409526017
0.8571428571428572,0.8469387755102041,0.14600000000000002,0.03222421449779653
0.8571428571428572,0.8571428571428572,0.07800000000000001,0.0267132925713024
0.8673469387755102,0.5,1.0,0.0
0.8673469387755102,0.5102040816326531,1.0,0.0
0.8673469387755102,0.5204081632653061,1.0,0.0
0.8673469387755102,0.5306122448979592,1.0,0.0
0.8673469387755102,0.5408163265306123,1.0,0.0
0.8673469387755102,0.5510204081632653,1.0,0.0
0.8673469387755102,0.5612244897959183,1.0,0.0
0.8673469387755102,0.5714285714285714,1.0,0.0
0.8673469387755102,0.5816326530612245,1.0,0.0
0.8673469387755102,0.5918367346938775,1.0,0.0
0.8673469387755102,0.6020408163265306,0.9480000000000001,0.049331531498626714
0.8673469387755102,0.6122448979591837,0.7320000000000001,0.05935991913741122
0.8673469387755102,0.6224489795918368,0.587,0.0302671439022581
0.8673469387755102,0.6326530612244898,0.53,0.020199009876724152
0.8673469387755102,0.6428571428571428,0.47300000000000003,0.019185932346383376
0.8673469387755102,0.653061224489796,0.47800000000000004,0.029250641018617005
0.8673469387755102,0.6632653061224489,0.426,0.02168870673876153
0.8673469387755102,0.673469387755102,0.358,0.021990907211845535
0.8673469387755102,0.6836734693877551,0.387,0.022138202275704323
0.8673469387755102,0.6938775510204082,0.374,0.014710540438746632
0.8673469387755102,0.7040816326530612,0.28200000000000003,0.024445858544956033
0.8673469387755102,0.7142857142857143,0.31300000000000006,0.01386001443000692
0.8673469387755102,0.7244897959183674,0.31200000000000006,0.016174053295324578
0.8673469387755102,0.7346938775510203,0.268,0.021531372459738837
0.8673469387755102,0.7448979591836734,0.28,0.01224744871391589
0.8673469387755102,0.7551020408163265,0.24400000000000005,0.016625281952496327
0.8673469387755102,0.7653061224489796,0.252,0.016358484037342826
0.8673469387755102,0.7755102040816326,0.284,0.011063453348751463
0.8673469387755102,0.7857142857142857,0.21799999999999997,0.011644741302407708
0.8673469387755102,0.7959183673469388,0.221,0.013300375934536583
0.8673469387755102,0.8061224489795918,0.205,0.012509996003196801
0.8673469387755102,0.8163265306122449,0.20600000000000002,0.011933147112141038
0.8673469387755102,0.8265306122448979,0.207,0.008252272414311103
0.8673469387755102,0.836734693877551,0.16200000000000003,0.027597101297056545
0.8673469387755102,0.846938775510204,0.15699999999999997,0.02541849720184102
0.8673469387755102,0.8571428571428571,0.19999999999999998,0.017720045146669347
0.8673469387755102,0.8673469387755102,0.165,0.011335784048754632
0.8775510204081632,0.5,1.0,0.0
0.8775510204081632,0.5102040816326531,1.0,0.0
0.8775510204081632,0.5204081632653061,1.0,0.0
0.8775510204081632,0.5306122448979592,1.0,0.0
0.8775510204081632,0.5408163265306123,1.0,0.0
0.8775510204081632,0.5510204081632653,1.0,0.0
0.8775510204081632,0.5612244897959183,1.0,0.0
0.8775510204081632,0.5714285714285714,1.0,0.0
0.8775510204081632,0.5816326530612245,1.0,0.0
0.8775510204081632,0.5918367346938775,1.0,0.0
0.8775510204081632,0.6020408163265306,1.0,0.0
0.8775510204081632,0.6122448979591837,0.782,0.06191607222684591
0.8775510204081632,0.6224489795918368,0.652,0.05667098022797912
0.8775510204081632,0.6326530612244898,0.578,0.039263214336067796
0.8775510204081632,0.6428571428571428,0.45599999999999996,0.018286607121059933
0.8775510204081632,0.653061224489796,0.46399999999999997,0.026690822392725178
0.8775510204081632,0.6632653061224489,0.404,0.02581472448042008
0.8775510204081632,0.673469387755102,0.41400000000000003,0.023757104200638594
0.8775510204081632,0.6836734693877551,0.376,0.019452506265260527
0.8775510204081632,0.6938775510204082,0.37400000000000005,0.01744706279005151
0.8775510204081632,0.7040816326530612,0.364,0.014505171491574993
0.8775510204081632,0.7142857142857143,0.31300000000000006,0.021262643297577093
0.8775510204081632,0.7244897959183674,0.31199999999999994,0.020823064135712593
0.8775510204081632,0.7346938775510203,0.29100000000000004,0.015839823231336893
0.8775510204081632,0.7448979591836735,0.327,0.019237983262286096
0.8775510204081632,0.7551020408163265,0.277,0.009904544411531508
0.8775510204081632,0.7653061224489797,0.25599999999999995,0.010695793565696748
0.8775510204081632,0.7755102040816326,0.266,0.016864163187066232
0.8775510204081632,0.7857142857142857,0.246,0.012505998560690785
0.8775510204081632,0.7959183673469388,0.24100000000000002,0.010625441167311594
0.8775510204081632,0.8061224489795918,0.223,0.015234828518890525
0.8775510204081632,0.8163265306122449,0.18999999999999997,0.015033296378372906
0.8775510204081632,0.8265306122448979,0.207,0.015234828518890525
0.8775510204081632,0.8367346938775511,0.173,0.014145670715805596
0.8775510204081632,0.846938775510204,0.21000000000000002,0.010198039027185569
0.8775510204081632,0.8571428571428571,0.18,0.02029778313018444
0.8775510204081632,0.8673469387755102,0.20400000000000001,0.008508818954473056
0.8775510204081632,0.8775510204081632,0.16199999999999998,0.027305677065401615
0.8877551020408163,0.5,1.0,0.0
0.8877551020408163,0.5102040816326531,1.0,0.0
0.8877551020408163,0.5204081632653061,1.0,0.0
0.8877551020408163,0.5306122448979592,1.0,0.0
0.8877551020408163,0.5408163265306123,1.0,0.0
0.8877551020408163,0.5510204081632653,1.0,0.0
0.8877551020408163,0.5612244897959183,1.0,0.0
0.8877551020408163,0.5714285714285714,1.0,0.0
0.8877551020408163,0.5816326530612245,1.0,0.0
0.8877551020408163,0.5918367346938775,1.0,0.0
0.8877551020408163,0.6020408163265306,1.0,0.0
0.8877551020408163,0.6122448979591837,0.664,0.059181078057095236
0.8877551020408163,0.6224489795918368,0.595,0.045568629560257784
0.8877551020408163,0.6326530612244898,0.5609999999999999,0.04994897396343593
0.8877551020408163,0.6428571428571428,0.493,0.02306729286240585
0.8877551020408163,0.653061224489796,0.45499999999999996,0.023968729628413774
0.8877551020408163,0.6632653061224489,0.44399999999999995,0.027099815497526908
0.8877551020408163,0.673469387755102,0.41500000000000004,0.01716100230173051
0.8877551020408163,0.6836734693877551,0.37499999999999994,0.022726636354727017
0.8877551020408163,0.6938775510204082,0.353,0.024333105021759963
0.8877551020408163,0.7040816326530612,0.383,0.011140017953306894
0.8877551020408163,0.7142857142857143,0.34800000000000003,0.016112107248898264
0.8877551020408163,0.7244897959183674,0.34400000000000003,0.012181953866272847
0.8877551020408163,0.7346938775510203,0.319,0.014862705002791382
0.8877551020408163,0.7448979591836734,0.302,0.00935948716543807
0.8877551020408163,0.7551020408163265,0.31199999999999994,0.011207140580897517
0.8877551020408163,0.7653061224489797,0.29599999999999993,0.011593101396951551
0.8877551020408163,0.7755102040816326,0.26000000000000006,0.012328828005937957
0.8877551020408163,0.7857142857142857,0.24900000000000003,0.018135600348485846
0.8877551020408163,0.7959183673469388,0.24300000000000002,0.012332882874656679
0.8877551020408163,0.8061224489795918,0.22399999999999998,0.011764352935882193
0.8877551020408163,0.8163265306122449,0.22799999999999998,0.015349267083479914
0.8877551020408163,0.8265306122448979,0.221,0.01878563280807969
0.8877551020408163,0.8367346938775511,0.22300000000000003,0.01600312469488381
0.8877551020408163,0.846938775510204,0.19599999999999998,0.015375304875026058
0.8877551020408163,0.8571428571428571,0.22199999999999998,0.012393546707863735
0.8877551020408163,0.8673469387755102,0.195,0.011067971810589328
0.8877551020408163,0.8775510204081632,0.21200000000000002,0.010373041983911951
0.8877551020408163,0.8877551020408163,0.20400000000000001,0.0118490505948789
0.8979591836734694,0.5,1.0,0.0
0.8979591836734694,0.5102040816326531,1.0,0.0
0.8979591836734694,0.5204081632653061,1.0,0.0
0.8979591836734694,0.5306122448979592,1.0,0.0
0.8979591836734694,0.5408163265306123,1.0,0.0
0.8979591836734694,0.5510204081632653,1.0,0.0
0.8979591836734694,0.5612244897959183,1.0,0.0
0.8979591836734694,0.5714285714285714,1.0,0.0
0.8979591836734694,0.5816326530612245,1.0,0.0
0.8979591836734694,0.5918367346938775,1.0,0.0
0.8979591836734694,0.6020408163265306,1.0,0.0
0.8979591836734694,0.6122448979591837,0.8550000000000001,0.058995762559695755
0.8979591836734694,0.6224489795918368,0.711,0.053543440307847225
0.8979591836734694,0.6326530612244898,0.5410000000000001,0.03344996263077136
0.8979591836734694,0.6428571428571428,0.5349999999999999,0.021644860821913362
0.8979591836734694,0.653061224489796,0.518,0.023655866080107908
0.8979591836734694,0.6632653061224489,0.506,0.021734764779035454
0.8979591836734694,0.673469387755102,0.41000000000000003,0.01630950643030009
0.8979591836734694,0.6836734693877551,0.398,0.023908157603629767
0.8979591836734694,0.6938775510204082,0.3960000000000001,0.015504837954651445
0.8979591836734694,0.7040816326530612,0.3949999999999999,0.017219175357722567
0.8979591836734694,0.7142857142857143,0.361,0.02041812919931696
0.8979591836734694,0.7244897959183674,0.338,0.017134759992483112
0.8979591836734694,0.7346938775510204,0.303,0.013118688958886095
0.8979591836734694,0.7448979591836735,0.327,0.01732339458651219
0.8979591836734694,0.7551020408163265,0.30999999999999994,0.007615773105863906
0.8979591836734694,0.7653061224489796,0.262,0.013623509092741124
0.8979591836734694,0.7755102040816326,0.281,0.014727525250360292
0.8979591836734694,0.7857142857142857,0.28700000000000003,0.010867382389517725
0.8979591836734694,0.7959183673469388,0.27299999999999996,0.015623699945915498
0.8979591836734694,0.8061224489795918,0.26,0.014071247279470287
0.8979591836734694,0.8163265306122449,0.244,0.018558017135459272
0.8979591836734694,0.8265306122448979,0.25600000000000006,0.015440207252495022
0.8979591836734694,0.8367346938775511,0.24,0.009486832980505138
0.8979591836734694,0.846938775510204,0.229,0.014453373308677804
0.8979591836734694,0.8571428571428572,0.221,0.010904127658827183
0.8979591836734694,0.8673469387755102,0.211,0.015456390264224051
0.8979591836734694,0.8775510204081632,0.21200000000000002,0.0102761860629321
0.8979591836734694,0.8877551020408163,0.19999999999999998,0.009165151389911681
0.8979591836734694,0.8979591836734694,0.19899999999999998,0.006848357467305572
0.9081632653061225,0.5,1.0,0.0
0.9081632653061225,0.5102040816326531,1.0,0.0
0.9081632653061225,0.5204081632653061,1.0,0.0
0.9081632653061225,0.5306122448979592,1.0,0.0
0.9081632653061225,0.5408163265306123,1.0,0.0
0.9081632653061225,0.5510204081632653,1.0,0.0
0.9081632653061225,0.5612244897959183,1.0,0.0
0.9081632653061225,0.5714285714285714,1.0,0.0
0.9081632653061225,0.5816326530612245,1.0,0.0
0.9081632653061225,0.5918367346938775,1.0,0.0
0.9081632653061225,0.6020408163265306,0.9890000000000001,0.010435516278555651
0.9081632653061225,0.6122448979591837,1.0,0.0
0.9081632653061225,0.6224489795918368,0.624,0.062453182464947285
0.9081632653061225,0.6326530612244898,0.649,0.04657145048202815
0.9081632653061225,0.6428571428571428,0.5129999999999999,0.02993492943034942
0.9081632653061225,0.653061224489796,0.5050000000000001,0.02401041440708594
0.9081632653061225,0.6632653061224489,0.45200000000000007,0.013475904422338416
0.9081632653061225,0.673469387755102,0.433,0.02140327077808436
0.9081632653061225,0.6836734693877551,0.387,0.014145670715805596
0.9081632653061225,0.6938775510204082,0.42699999999999994,0.014425671561490645
0.9081632653061225,0.7040816326530612,0.43000000000000005,0.0232379000772445
0.9081632653061225,0.7142857142857143,0.384,0.014642404174178501
0.9081632653061225,0.7244897959183674,0.369,0.02085425616031413
0.9081632653061225,0.7346938775510203,0.33999999999999997,0.010488088481701513
0.9081632653061225,0.7448979591836735,0.32599999999999996,0.018931455305918773
0.9081632653061225,0.7551020408163265,0.341,0.019922349259060786
0.9081632653061225,0.7653061224489797,0.284,0.01209958676980334
0.9081632653061225,0.7755102040816326,0.292,0.014546477236774543
0.9081632653061225,0.7857142857142857,0.303,0.014632156368765335
0.9081632653061225,0.7959183673469388,0.315,0.01914418971907664
0.9081632653061225,0.8061224489795918,0.286,0.012016655108639841
0.9081632653061225,0.8163265306122449,0.259,0.011175866856758811
0.9081632653061225,0.826530612244898,0.26899999999999996,0.01519539403898431
0.9081632653061225,0.8367346938775511,0.251,0.01410319112825179
0.9081632653061225,0.846938775510204,0.255,0.010885770528538622
0.9081632653061225,0.8571428571428572,0.23700000000000002,0.015169047432189008
0.9081632653061225,0.8673469387755102,0.21599999999999997,0.008148619514985344
0.9081632653061225,0.8775510204081634,0.21999999999999997,0.013266499161421598
0.9081632653061225,0.8877551020408163,0.21399999999999997,0.013053735097664576
0.9081632653061225,0.8979591836734694,0.231,0.011614645926587687
0.9081632653061225,0.9081632653061225,0.22800000000000004,0.00846167832052247
0.9183673469387755,0.5,1.0,0.0
0.9183673469387755,0.5102040816326531,1.0,0.0
0.9183673469387755,0.5204081632653061,1.0,0.0
0.9183673469387755,0.5306122448979592,1.0,0.0
0.9183673469387755,0.5408163265306123,1.0,0.0
0.9183673469387755,0.5510204081632653,1.0,0.0
0.9183673469387755,0.5612244897959183,1.0,0.0
0.9183673469387755,0.5714285714285714,1.0,0.0
0.9183673469387755,0.5816326530612245,1.0,0.0
0.9183673469387755,0.5918367346938775,1.0,0.0
0.9183673469387755,0.6020408163265306,1.0,0.0
0.9183673469387755,0.6122448979591837,0.942,0.03799473647757015
0.9183673469387755,0.6224489795918368,0.6809999999999998,0.043346280117214205
0.9183673469387755,0.6326530612244898,0.6599999999999999,0.05424020648928246
0.9183673469387755,0.6428571428571429,0.5740000000000001,0.021410277905716212
0.9183673469387755,0.653061224489796,0.49300000000000005,0.020002499843769533
0.9183673469387755,0.6632653061224489,0.4640000000000001,0.023246505113672464
0.9183673469387755,0.673469387755102,0.4590000000000001,0.030247313930331074
0.9183673469387755,0.6836734693877551,0.44000000000000006,0.016613247725836153
0.9183673469387755,0.6938775510204082,0.418,0.026936963451733006
0.9183673469387755,0.7040816326530612,0.384,0.022369622258768696
0.9183673469387755,0.7142857142857143,0.356,0.021175457492106274
0.9183673469387755,0.7244897959183674,0.34700000000000003,0.018002777563476142
0.9183673469387755,0.7346938775510204,0.33499999999999996,0.011510864433221338
0.9183673469387755,0.7448979591836735,0.362,0.011815244390193545
0.9183673469387755,0.7551020408163265,0.323,0.013345411196362589
0.9183673469387755,0.7653061224489797,0.329,0.012841339493993608
0.9183673469387755,0.7755102040816326,0.313,0.00837257427557379
0.9183673469387755,0.7857142857142858,0.311,0.022425431991379786
0.9183673469387755,0.7959183673469388,0.29300000000000004,0.011140017953306897
0.9183673469387755,0.8061224489795918,0.26800000000000007,0.01046900186264192
0.9183673469387755,0.8163265306122449,0.287,0.013568345514468592
0.9183673469387755,0.826530612244898,0.25,0.012083045973594574
0.9183673469387755,0.8367346938775511,0.253,0.013118688958886094
0.9183673469387755,0.846938775510204,0.217,0.00949210198006743
0.9183673469387755,0.8571428571428572,0.26799999999999996,0.010276186062932102
0.9183673469387755,0.8673469387755102,0.248,0.010844353369380765
0.9183673469387755,0.8775510204081634,0.221,0.01071914175668929
0.9183673469387755,0.8877551020408163,0.23200000000000004,0.011644741302407708
0.9183673469387755,0.8979591836734694,0.211,0.006074537019394976
0.9183673469387755,0.9081632653061225,0.22699999999999995,0.005665686189686116
0.9183673469387755,0.9183673469387755,0.21999999999999997,0.007483314773547883
0.9285714285714286,0.5,1.0,0.0
0.9285714285714286,0.5102040816326531,1.0,0.0
0.9285714285714286,0.5204081632653061,1.0,0.0
0.9285714285714286,0.5306122448979592,1.0,0.0
0.9285714285714286,0.5408163265306123,1.0,0.0
0.9285714285714286,0.5510204081632653,1.0,0.0
0.9285714285714286,0.5612244897959183,1.0,0.0
0.9285714285714286,0.5714285714285714,1.0,0.0
0.9285714285714286,0.5816326530612245,1.0,0.0
0.9285714285714286,0.5918367346938775,1.0,0.0
0.9285714285714286,0.6020408163265306,1.0,0.0
0.9285714285714286,0.6122448979591837,1.0,0.0
0.9285714285714286,0.6224489795918368,0.652,0.03946644144079879
0.9285714285714286,0.6326530612244898,0.612,0.047787027528399376
0.9285714285714286,0.6428571428571428,0.66,0.04221374183841086
0.9285714285714286,0.653061224489796,0.521,0.02906716360431475
0.9285714285714286,0.6632653061224489,0.48900000000000005,0.02551274191458064
0.9285714285714286,0.6734693877551021,0.476,0.024787093415727462
0.9285714285714286,0.6836734693877551,0.45099999999999996,0.01004489920307815
0.9285714285714286,0.6938775510204082,0.417,0.019444793647657974
0.9285714285714286,0.7040816326530612,0.39099999999999996,0.013744089638822935
0.9285714285714286,0.7142857142857143,0.38299999999999995,0.0191337398330802
0.9285714285714286,0.7244897959183674,0.34199999999999997,0.02288230757594172
0.9285714285714286,0.7346938775510204,0.321,0.01252597301609739
0.9285714285714286,0.7448979591836735,0.35100000000000003,0.012841339493993607
0.9285714285714286,0.7551020408163265,0.33999999999999997,0.017492855684535902
0.9285714285714286,0.7653061224489797,0.36100000000000004,0.019922349259060793
0.9285714285714286,0.7755102040816326,0.325,0.008972179222463178
0.9285714285714286,0.7857142857142857,0.328,0.00957078889120432
0.9285714285714286,0.7959183673469388,0.3,0.005830951894845299
0.9285714285714286,0.8061224489795918,0.3,0.009797958971132713
0.9285714285714286,0.8163265306122449,0.305,0.01051189802081432
0.9285714285714286,0.826530612244898,0.27099999999999996,0.008179242018671411
0.9285714285714286,0.8367346938775511,0.24900000000000003,0.011441153787970865
0.9285714285714286,0.8469387755102041,0.273,0.008372574275573794
0.9285714285714286,0.8571428571428572,0.255,0.00636396103067893
0.9285714285714286,0.8673469387755102,0.268,0.011117553687749837
0.9285714285714286,0.8775510204081634,0.28300000000000003,0.008372574275573792
0.9285714285714286,0.8877551020408163,0.23699999999999996,0.00949210198006743
0.9285714285714286,0.8979591836734695,0.259,0.01144115378797086
0.9285714285714286,0.9081632653061225,0.24800000000000005,0.004857983120596449
0.9285714285714286,0.9183673469387755,0.22999999999999998,0.008124038404635962
0.9285714285714286,0.9285714285714286,0.23899999999999996,0.008882567196480983
0.9387755102040816,0.5,1.0,0.0
0.9387755102040816,0.5102040816326531,1.0,0.0
0.9387755102040816,0.5204081632653061,1.0,0.0
0.9387755102040816,0.5306122448979592,1.0,0.0
0.9387755102040816,0.5408163265306123,1.0,0.0
0.9387755102040816,0.5510204081632653,1.0,0.0
0.9387755102040816,0.5612244897959183,1.0,0.0
0.9387755102040816,0.5714285714285714,1.0,0.0
0.9387755102040816,0.5816326530612245,1.0,0.0
0.9387755102040816,0.5918367346938775,1.0,0.0
0.9387755102040816,0.6020408163265306,1.0,0.0
0.9387755102040816,0.6122448979591837,0.978,0.0208710325571113
0.9387755102040816,0.6224489795918368,0.8370000000000001,0.05435163291015275
0.9387755102040816,0.6326530612244898,0.6739999999999999,0.05743169856446873
0.9387755102040816,0.6428571428571428,0.574,0.048419004533344134
0.9387755102040816,0.6530612244897959,0.5210000000000001,0.02913588852257641
0.9387755102040816,0.6632653061224489,0.5389999999999999,0.028476305940202284
0.9387755102040816,0.673469387755102,0.4879999999999999,0.03097741112488259
0.9387755102040816,0.6836734693877551,0.45499999999999996,0.023632604596192947
0.9387755102040816,0.6938775510204082,0.417,0.013270267518026905
0.9387755102040816,0.7040816326530612,0.43000000000000005,0.01630950643030009
0.9387755102040816,0.7142857142857142,0.41500000000000004,0.018560711193270584
0.9387755102040816,0.7244897959183674,0.387,0.01970025380547164
0.9387755102040816,0.7346938775510203,0.368,0.014408330923462302
0.9387755102040816,0.7448979591836734,0.372,0.01412798640995949
0.9387755102040816,0.7551020408163265,0.355,0.018506755523321747
0.9387755102040816,0.7653061224489796,0.32,0.009797958971132711
0.9387755102040816,0.7755102040816326,0.33199999999999996,0.015218409903797437
0.9387755102040816,0.7857142857142857,0.293,0.013568345514468593
0.9387755102040816,0.7959183673469388,0.309,0.01212023102090055
0.9387755102040816,0.8061224489795917,0.29100000000000004,0.0075432088662584435
0.9387755102040816,0.8163265306122448,0.304,0.008270429251254128
0.9387755102040816,0.8265306122448979,0.27799999999999997,0.014268847185389576
0.9387755102040816,0.8367346938775511,0.274,0.009919677414109793
0.9387755102040816,0.846938775510204,0.27,0.0064807406984078615
0.9387755102040816,0.8571428571428571,0.26800000000000007,0.007183313998427187
0.9387755102040816,0.8673469387755102,0.257,0.009596874491208064
0.9387755102040816,0.8775510204081631,0.263,0.01049285471165974
0.9387755102040816,0.8877551020408163,0.256,0.010119288512538814
0.9387755102040816,0.8979591836734693,0.254,0.009612491872558335
0.9387755102040816,0.9081632653061225,0.248,0.013023056476879763
0.9387755102040816,0.9183673469387754,0.25199999999999995,0.008809086218218095
0.9387755102040816,0.9285714285714285,0.23099999999999996,0.008056053624449132
0.9387755102040816,0.9387755102040816,0.22599999999999998,0.011242775458044156
0.9489795918367347,0.5,1.0,0.0
0.9489795918367347,0.5102040816326531,1.0,0.0
0.9489795918367347,0.5204081632653061,1.0,0.0
0.9489795918367347,0.5306122448979592,1.0,0.0
0.9489795918367347,0.5408163265306123,1.0,0.0
0.9489795918367347,0.5510204081632653,1.0,0.0
0.9489795918367347,0.5612244897959183,1.0,0.0
0.9489795918367347,0.5714285714285714,1.0,0.0
0.9489795918367347,0.5816326530612245,1.0,0.0
0.9489795918367347,0.5918367346938775,1.0,0.0
0.9489795918367347,0.6020408163265306,1.0,0.0
0.9489795918367347,0.6122448979591837,0.974,0.02466576574931336
0.9489795918367347,0.6224489795918368,0.821,0.06104834150081392
0.9489795918367347,0.6326530612244898,0.7429999999999999,0.05946511582432174
0.9489795918367347,0.6428571428571429,0.577,0.022717834403833473
0.9489795918367347,0.653061224489796,0.5459999999999999,0.020208908926510595
0.9489795918367347,0.6632653061224489,0.5439999999999999,0.02843237591197753
0.9489795918367347,0.6734693877551021,0.506,0.01320605921537534
0.9489795918367347,0.6836734693877551,0.481,0.02123440604302367
0.9489795918367347,0.6938775510204082,0.45099999999999996,0.01780168531347524
0.9489795918367347,0.7040816326530612,0.441,0.02304126732625617
0.9489795918367347,0.7142857142857143,0.42099999999999993,0.014727525250360292
0.9489795918367347,0.7244897959183674,0.394,0.016685322891691366
0.9489795918367347,0.7346938775510204,0.394,0.010972693379476161
0.9489795918367347,0.7448979591836735,0.337,0.009279008567729634
0.9489795918367347,0.7551020408163266,0.351,0.013449907062875934
0.9489795918367347,0.7653061224489797,0.34299999999999997,0.012965338406690351
0.9489795918367347,0.7755102040816326,0.367,0.010867382389517725
0.9489795918367347,0.7857142857142858,0.321,0.017461385970191482
0.9489795918367347,0.7959183673469388,0.335,0.008631338250816035
0.9489795918367347,0.8061224489795918,0.32899999999999996,0.014173919711921614
0.9489795918367347,0.8163265306122449,0.29900000000000004,0.013149144458861192
0.9489795918367347,0.826530612244898,0.27599999999999997,0.010119288512538814
0.9489795918367347,0.8367346938775511,0.299,0.010812030336620407
0.9489795918367347,0.8469387755102041,0.275,0.009721111047611789
0.9489795918367347,0.8571428571428572,0.298,0.0064498061986388395
0.9489795918367347,0.8673469387755103,0.28700000000000003,0.009803060746521973
0.9489795918367347,0.8775510204081634,0.2840000000000001,0.010019980039900279
0.9489795918367347,0.8877551020408163,0.24899999999999997,0.008179242018671411
0.9489795918367347,0.8979591836734695,0.257,0.008372574275573794
0.9489795918367347,0.9081632653061225,0.24500000000000002,0.012103718436910205
0.9489795918367347,0.9183673469387755,0.24400000000000005,0.0072387844283415435
0.9489795918367347,0.9285714285714286,0.236,0.0070992957397195385
0.9489795918367347,0.9387755102040817,0.242,0.007974960814950752
0.9489795918367347,0.9489795918367347,0.246,0.008270429251254135
0.9591836734693877,0.5,1.0,0.0
0.9591836734693877,0.5102040816326531,1.0,0.0
0.9591836734693877,0.5204081632653061,1.0,0.0
0.9591836734693877,0.5306122448979592,1.0,0.0
0.9591836734693877,0.5408163265306123,1.0,0.0
0.9591836734693877,0.5510204081632653,1.0,0.0
0.9591836734693877,0.5612244897959183,1.0,0.0
0.9591836734693877,0.5714285714285714,1.0,0.0
0.9591836734693877,0.5816326530612245,1.0,0.0
0.9591836734693877,0.5918367346938775,1.0,0.0
0.9591836734693877,0.6020408163265306,1.0,0.0
0.9591836734693877,0.6122448979591837,1.0,0.0
0.9591836734693877,0.6224489795918368,0.893,0.05906013884169253
0.9591836734693877,0.6326530612244898,0.669,0.038221721572948536
0.9591836734693877,0.6428571428571428,0.6060000000000001,0.023883048381645084
0.9591836734693877,0.6530612244897959,0.603,0.01964942747257538
0.9591836734693877,0.6632653061224489,0.518,0.02862865697164294
0.9591836734693877,0.673469387755102,0.5239999999999999,0.02320344801963708
0.9591836734693877,0.6836734693877551,0.457,0.02789444389121246
0.9591836734693877,0.6938775510204082,0.47000000000000003,0.013190905958272922
0.9591836734693877,0.7040816326530612,0.43000000000000005,0.01827566688249706
0.9591836734693877,0.7142857142857143,0.44299999999999995,0.01643471934655411
0.9591836734693877,0.7244897959183674,0.39,0.011575836902790224
0.9591836734693877,0.7346938775510203,0.395,0.013509256086106298
0.9591836734693877,0.7448979591836734,0.368,0.008099382692526632
0.9591836734693877,0.7551020408163265,0.382,0.01534926708347991
0.9591836734693877,0.7653061224489796,0.356,0.018395651660107072
0.9591836734693877,0.7755102040816326,0.345,0.011597413504743201
0.9591836734693877,0.7857142857142857,0.348,0.011207140580897522
0.9591836734693877,0.7959183673469388,0.327,0.010681760154581265
0.9591836734693877,0.8061224489795917,0.32700000000000007,0.015687574701017358
0.9591836734693877,0.8163265306122449,0.31799999999999995,0.012312595177297108
0.9591836734693877,0.8265306122448979,0.32199999999999995,0.009879271228182773
0.9591836734693877,0.836734693877551,0.32,0.010862780491200217
0.9591836734693877,0.846938775510204,0.318,0.010751744044572487
0.9591836734693877,0.8571428571428571,0.29,0.011575836902790224
0.9591836734693877,0.8673469387755102,0.278,0.005621387729022076
0.9591836734693877,0.8775510204081631,0.288,0.007183313998427187
0.9591836734693877,0.8877551020408163,0.281,0.007543208866258441
0.9591836734693877,0.8979591836734694,0.274,0.0118490505948789
0.9591836734693877,0.9081632653061225,0.273,0.005839520528262571
0.9591836734693877,0.9183673469387754,0.258,0.009252026804976301
0.9591836734693877,0.9285714285714286,0.268,0.008221921916437785
0.9591836734693877,0.9387755102040816,0.256,0.0053291650377896935
0.9591836734693877,0.9489795918367346,0.266,0.004289522117905444
0.9591836734693877,0.9591836734693877,0.24300000000000002,0.005839520528262572
0.9693877551020409,0.5,1.0,0.0
0.9693877551020409,0.5102040816326531,1.0,0.0
0.9693877551020409,0.5204081632653061,1.0,0.0
0.9693877551020409,0.5306122448979592,1.0,0.0
0.9693877551020409,0.5408163265306123,1.0,0.0
0.9693877551020409,0.5510204081632654,1.0,0.0
0.9693877551020409,0.5612244897959183,1.0,0.0
0.9693877551020409,0.5714285714285714,1.0,0.0
0.9693877551020409,0.5816326530612245,1.0,0.0
0.9693877551020409,0.5918367346938775,1.0,0.0
0.9693877551020409,0.6020408163265306,1.0,0.0
0.9693877551020409,0.6122448979591837,0.958,0.039844698518121585
0.9693877551020409,0.6224489795918368,0.859,0.05246808553778192
0.9693877551020409,0.6326530612244898,0.6180000000000001,0.043331282002728684
0.9693877551020409,0.6428571428571429,0.6609999999999999,0.04504331248920309
0.9693877551020409,0.653061224489796,0.569,0.020806249061279643
0.9693877551020409,0.6632653061224489,0.5369999999999999,0.029565182225043018
0.9693877551020409,0.6734693877551021,0.5050000000000001,0.021130546609115435
0.9693877551020409,0.6836734693877551,0.48600000000000004,0.015569200364822849
0.9693877551020409,0.6938775510204082,0.4600000000000001,0.011916375287812985
0.9693877551020409,0.7040816326530612,0.39200000000000007,0.011384199576606167
0.9693877551020409,0.7142857142857143,0.42400000000000004,0.016012495120998477
0.9693877551020409,0.7244897959183674,0.42400000000000004,0.015633297796690242
0.9693877551020409,0.7346938775510204,0.394,0.011764352935882197
0.9693877551020409,0.7448979591836735,0.379,0.011353413583587975
0.9693877551020409,0.7551020408163265,0.375,0.0073824115301167
0.9693877551020409,0.7653061224489797,0.376,0.016136914203155446
0.9693877551020409,0.7755102040816327,0.34099999999999997,0.011954078801814885
0.9693877551020409,0.7857142857142858,0.336,0.010019980039900277
0.9693877551020409,0.7959183673469388,0.36299999999999993,0.013345411196362589
0.9693877551020409,0.806122448979592,0.324,0.00918694726228468
0.9693877551020409,0.8163265306122449,0.321,0.009843779761859768
0.9693877551020409,0.826530612244898,0.32899999999999996,0.006700746227100383
0.9693877551020409,0.8367346938775511,0.315,0.012103718436910205
0.9693877551020409,0.8469387755102041,0.30100000000000005,0.00888256719648098
0.9693877551020409,0.8571428571428572,0.296,0.007641989269817121
0.9693877551020409,0.8673469387755103,0.3,0.007483314773547883
0.9693877551020409,0.8775510204081634,0.29900000000000004,0.010339245620450264
0.9693877551020409,0.8877551020408163,0.294,0.006957010852370433
0.9693877551020409,0.8979591836734695,0.292,0.0023664319132398427
0.9693877551020409,0.9081632653061225,0.26799999999999996,0.006131883886702357
0.9693877551020409,0.9183673469387756,0.262,0.007848566748139432
0.9693877551020409,0.9285714285714286,0.26599999999999996,0.007771743691090177
0.9693877551020409,0.9387755102040818,0.25399999999999995,0.004289522117905444
0.9693877551020409,0.9489795918367347,0.26,0.004898979485566358
0.9693877551020409,0.9591836734693878,0.259,0.004571651780264988
0.9693877551020409,0.9693877551020409,0.25999999999999995,0.005656854249492383
0.9795918367346939,0.5,1.0,0.0
0.9795918367346939,0.5102040816326531,1.0,0.0
0.9795918367346939,0.5204081632653061,1.0,0.0
0.9795918367346939,0.5306122448979592,1.0,0.0
0.9795918367346939,0.5408163265306123,1.0,0.0
0.9795918367346939,0.5510204081632653,1.0,0.0
0.9795918367346939,0.5612244897959183,1.0,0.0
0.9795918367346939,0.5714285714285714,1.0,0.0
0.9795918367346939,0.5816326530612245,1.0,0.0
0.9795918367346939,0.5918367346938775,1.0,0.0
0.9795918367346939,0.6020408163265306,1.0,0.0
0.9795918367346939,0.6122448979591837,1.0,0.0
0.9795918367346939,0.6224489795918368,0.9289999999999999,0.03832623122614588
0.9795918367346939,0.6326530612244898,0.709,0.04811340769473724
0.9795918367346939,0.6428571428571428,0.5970000000000001,0.017495713760804388
0.9795918367346939,0.653061224489796,0.575,0.014849242404917497
0.9795918367346939,0.6632653061224489,0.5640000000000001,0.021780725424099177
0.9795918367346939,0.673469387755102,0.48699999999999993,0.016127616066858738
0.9795918367346939,0.6836734693877551,0.483,0.015169047432189012
0.9795918367346939,0.6938775510204082,0.47300000000000003,0.014563653387800746
0.9795918367346939,0.7040816326530612,0.46699999999999997,0.01342013412749664
0.9795918367346939,0.7142857142857143,0.425,0.017790446874657195
0.9795918367346939,0.7244897959183674,0.42699999999999994,0.014494826663330608
0.9795918367346939,0.7346938775510203,0.4109999999999999,0.01867886506188211
0.9795918367346939,0.7448979591836734,0.42000000000000004,0.022271057451320086
0.9795918367346939,0.7551020408163265,0.376,0.010315037566582098
0.9795918367346939,0.7653061224489797,0.383,0.010397114984456023
0.9795918367346939,0.7755102040816326,0.344,0.009077444574328176
0.9795918367346939,0.7857142857142857,0.358,0.010079682534683321
0.9795918367346939,0.7959183673469388,0.362,0.00869482604771366
0.9795918367346939,0.8061224489795918,0.31899999999999995,0.0123652739557197
0.9795918367346939,0.8163265306122449,0.33399999999999996,0.008270429251254133
0.9795918367346939,0.8265306122448979,0.339,0.009741663102366044
0.9795918367346939,0.8367346938775511,0.32399999999999995,0.007899367063252595
0.9795918367346939,0.846938775510204,0.318,0.009465727652959386
0.9795918367346939,0.8571428571428571,0.31000000000000005,0.005477225575051663
0.9795918367346939,0.8673469387755102,0.31100000000000005,0.006848357467305576
0.9795918367346939,0.8775510204081632,0.30600000000000005,0.006957010852370431
0.9795918367346939,0.8877551020408163,0.30199999999999994,0.006292853089020908
0.9795918367346939,0.8979591836734693,0.292,0.005966573556070517
0.9795918367346939,0.9081632653061225,0.28099999999999997,0.006992853494818834
0.9795918367346939,0.9183673469387755,0.27599999999999997,0.00950789145920377
0.9795918367346939,0.9285714285714286,0.278,0.007456540752922899
0.9795918367346939,0.9387755102040816,0.265,0.003535533905932737
0.9795918367346939,0.9489795918367347,0.263,0.003754996671103721
0.9795918367346939,0.9591836734693877,0.26499999999999996,0.0032403703492039286
0.9795918367346939,0.9693877551020408,0.25999999999999995,0.005291502622129181
0.9795918367346939,0.9795918367346939,0.255,0.00452769256906871
0.9897959183673469,0.5,1.0,0.0
0.9897959183673469,0.5102040816326531,1.0,0.0
0.9897959183673469,0.5204081632653061,1.0,0.0
0.9897959183673469,0.5306122448979592,1.0,0.0
0.9897959183673469,0.5408163265306123,1.0,0.0
0.9897959183673469,0.5510204081632653,1.0,0.0
0.9897959183673469,0.5612244897959183,1.0,0.0
0.9897959183673469,0.5714285714285714,1.0,0.0
0.9897959183673469,0.5816326530612245,1.0,0.0
0.9897959183673469,0.5918367346938775,1.0,0.0
0.9897959183673469,0.6020408163265306,1.0,0.0
0.9897959183673469,0.6122448979591837,1.0,0.0
0.9897959183673469,0.6224489795918368,0.867,0.04315205672966237
0.9897959183673469,0.6326530612244898,0.687,0.03611232476592998
0.9897959183673469,0.6428571428571428,0.7000000000000001,0.048867166891482454
0.9897959183673469,0.653061224489796,0.563,0.023454210709380096
0.9897959183673469,0.6632653061224489,0.5690000000000001,0.022603097132915206
0.9897959183673469,0.673469387755102,0.542,0.023613555429032703
0.9897959183673469,0.6836734693877551,0.512,0.011983321743156193
0.9897959183673469,0.6938775510204082,0.49499999999999994,0.02074849392124643
0.9897959183673469,0.7040816326530612,0.492,0.016780941570722428
0.9897959183673469,0.7142857142857143,0.433,0.01964942747257538
0.9897959183673469,0.7244897959183674,0.43899999999999995,0.012120231020900547
0.9897959183673469,0.7346938775510204,0.44700000000000006,0.01827840255602223
0.9897959183673469,0.7448979591836735,0.413,0.009492101980067426
0.9897959183673469,0.7551020408163265,0.40499999999999997,0.013057564857200594
0.9897959183673469,0.7653061224489796,0.4,0.018330302779823362
0.9897959183673469,0.7755102040816326,0.38,0.013856406460551017
0.9897959183673469,0.7857142857142857,0.36200000000000004,0.012231107881136525
0.9897959183673469,0.7959183673469388,0.35900000000000004,0.009104943712072029
0.9897959183673469,0.8061224489795918,0.36,0.011489125293076058
0.9897959183673469,0.8163265306122449,0.34700000000000003,0.01049285471165974
0.9897959183673469,0.8265306122448979,0.333,0.007752418977325722
0.9897959183673469,0.8367346938775511,0.32,0.011224972160321822
0.9897959183673469,0.846938775510204,0.33699999999999997,0.008837420438114281
0.9897959183673469,0.8571428571428571,0.315,0.00552268050859363
0.9897959183673469,0.8673469387755102,0.303,0.006789698078707181
0.9897959183673469,0.8775510204081634,0.303,0.006488451279003334
0.9897959183673469,0.8877551020408163,0.302,0.0057965506984757765
0.9897959183673469,0.8979591836734694,0.29300000000000004,0.005665686189686116
0.9897959183673469,0.9081632653061225,0.29800000000000004,0.007848566748139428
0.9897959183673469,0.9183673469387754,0.2870000000000001,0.004254409477236526
0.9897959183673469,0.9285714285714286,0.28700000000000003,0.007355270219373316
0.9897959183673469,0.9387755102040816,0.28200000000000003,0.004857983120596444
0.9897959183673469,0.9489795918367347,0.273,0.004909175083453428
0.9897959183673469,0.9591836734693877,0.275,0.0035355339059327364
0.9897959183673469,0.9693877551020409,0.268,0.002366431913239848
0.9897959183673469,0.9795918367346939,0.27,0.0028284271247461922
0.9897959183673469,0.9897959183673469,0.261,0.0029832867780352616
1.0,0.5,1.0,0.0
1.0,0.5102040816326531,1.0,0.0
1.0,0.5204081632653061,1.0,0.0
1.0,0.5306122448979592,1.0,0.0
1.0,0.5408163265306123,1.0,0.0
1.0,0.5510204081632653,1.0,0.0
1.0,0.5612244897959183,1.0,0.0
1.0,0.5714285714285714,1.0,0.0
1.0,0.5816326530612245,1.0,0.0
1.0,0.5918367346938775,1.0,0.0
1.0,0.6020408163265306,1.0,0.0
1.0,0.6122448979591837,1.0,0.0
1.0,0.6224489795918368,0.982,0.017076299364909252
1.0,0.6326530612244898,0.8440000000000001,0.04690842141876019
1.0,0.6428571428571428,0.645,0.0427375712927162
1.0,0.653061224489796,0.591,0.019821705274773914
1.0,0.6632653061224489,0.569,0.02338589318371227
1.0,0.673469387755102,0.5410000000000001,0.025785654926722336
1.0,0.6836734693877551,0.517,0.013931977605494488
1.0,0.6938775510204082,0.526,0.02093800372528384
1.0,0.7040816326530612,0.48,0.012884098726725125
1.0,0.7142857142857143,0.45599999999999996,0.01613691420315545
1.0,0.7244897959183674,0.44700000000000006,0.013568345514468592
1.0,0.7346938775510204,0.429,0.010242070103255493
1.0,0.7448979591836735,0.43500000000000005,0.011247221879201994
1.0,0.7551020408163265,0.39,0.006164414002968978
1.0,0.7653061224489797,0.38999999999999996,0.013266499161421601
1.0,0.7755102040816326,0.38499999999999995,0.01060660171779821
1.0,0.7857142857142857,0.374,0.009818350166906858
1.0,0.7959183673469388,0.362,0.01037304198391195
1.0,0.8061224489795918,0.345,0.009192388155425118
1.0,0.8163265306122449,0.348,0.0070427267446636025
1.0,0.8265306122448979,0.33799999999999997,0.006752777206453651
1.0,0.8367346938775511,0.33499999999999996,0.007516648189186452
1.0,0.846938775510204,0.312,0.004427188724235735
1.0,0.8571428571428572,0.32499999999999996,0.0058736700622353645
1.0,0.8673469387755102,0.33399999999999996,0.0063560994328282815
1.0,0.8775510204081632,0.32500000000000007,0.0035355339059327407
1.0,0.8877551020408163,0.31799999999999995,0.006131883886702359
1.0,0.8979591836734694,0.309,0.0053758720222862495
1.0,0.9081632653061225,0.3,0.004472135954999578
1.0,0.9183673469387755,0.29700000000000004,0.00510881590977792
1.0,0.9285714285714286,0.292,0.004857983120596447
1.0,0.9387755102040816,0.29100000000000004,0.0038600518131237517
1.0,0.9489795918367347,0.28600000000000003,0.003224903099319415
1.0,0.9591836734693877,0.279,0.003301514803843831
1.0,0.9693877551020409,0.277,0.00246981780704569
1.0,0.9795918367346939,0.27799999999999997,0.00309838667696593
1.0,0.9897959183673469,0.27199999999999996,0.0012649110640673528
1.0,1.0,0.27,0.0
