#Time elapsed: 135443.52012515068
#alpha: 0.27, px1: 0.25, px2: 0.25, T max: 450, n realizations: 10, n nodes: 2000, p: 0.2, ns: 50
#s1_s2_x_errx
0.5,nan,0.3384,0.0018865312083291884
0.5102040816326531,0.5,0.9135,0.02399291562107448
0.5102040816326531,0.5102040816326531,0.0199,0.007732011381264255
0.5204081632653061,0.5,0.99285,0.004245026501684062
0.5204081632653061,0.5102040816326531,0.15785,0.041210984579357
0.5204081632653061,0.5204081632653061,0.00245,0.00227205853797828
0.5306122448979592,0.5,1.0,0.0
0.5306122448979592,0.5102040816326531,0.6225499999999999,0.051584854851012225
0.5306122448979592,0.5204081632653061,0.0,0.0
0.5306122448979592,0.5306122448979592,0.0,0.0
0.5408163265306123,0.5,1.0,0.0
0.5408163265306123,0.5102040816326531,0.91805,0.021151057893164585
0.5408163265306123,0.5204081632653061,0.07485,0.024332288219565377
0.5408163265306123,0.5306122448979592,0.00225,0.002134537420613656
0.5408163265306123,0.5408163265306123,0.0,0.0
0.5510204081632653,0.5,1.0,0.0
0.5510204081632653,0.5102040816326531,0.9855500000000001,0.006620215253298036
0.5510204081632653,0.5204081632653061,0.3258,0.04247235571521787
0.5510204081632653,0.5306122448979591,0.0063,0.0036696048833627848
0.5510204081632653,0.5408163265306122,0.0,0.0
0.5510204081632653,0.5510204081632653,0.0,0.0
0.5612244897959183,0.5,1.0,0.0
0.5612244897959183,0.5102040816326531,0.9995999999999998,0.000289827534923789
0.5612244897959183,0.5204081632653061,0.7378,0.02929540919666424
0.5612244897959183,0.5306122448979591,0.04095,0.013013348915632746
0.5612244897959183,0.5408163265306122,0.0,0.0
0.5612244897959183,0.5510204081632653,0.0,0.0
0.5612244897959183,0.5612244897959183,0.0,0.0
0.5714285714285714,0.5,1.0,0.0
0.5714285714285714,0.5102040816326531,1.0,0.0
0.5714285714285714,0.5204081632653061,0.92265,0.01639634867889799
0.5714285714285714,0.5306122448979592,0.2521,0.02827541334799546
0.5714285714285714,0.5408163265306122,0.0,0.0
0.5714285714285714,0.5510204081632653,0.0,0.0
0.5714285714285714,0.5612244897959183,0.0,0.0
0.5714285714285714,0.5714285714285714,0.0,0.0
0.5816326530612245,0.5,1.0,0.0
0.5816326530612245,0.5102040816326531,1.0,0.0
0.5816326530612245,0.5204081632653061,0.9679499999999999,0.010633543623834903
0.5816326530612245,0.5306122448979592,0.4551,0.026734883579323847
0.5816326530612245,0.5408163265306123,0.0486,0.01526643376823808
0.5816326530612245,0.5510204081632653,0.0,0.0
0.5816326530612245,0.5612244897959183,0.0,0.0
0.5816326530612245,0.5714285714285714,0.0,0.0
0.5816326530612245,0.5816326530612245,0.0,0.0
0.5918367346938775,0.5,1.0,0.0
0.5918367346938775,0.5102040816326531,1.0,0.0
0.5918367346938775,0.5204081632653061,0.9982,0.00122922739962954
0.5918367346938775,0.5306122448979592,0.7114,0.029625141349873752
0.5918367346938775,0.5408163265306123,0.15360000000000001,0.034345873114538815
0.5918367346938775,0.5510204081632653,0.00030000000000000003,0.0002846049894151541
0.5918367346938775,0.5612244897959183,0.0,0.0
0.5918367346938775,0.5714285714285714,0.0,0.0
0.5918367346938775,0.5816326530612245,0.0,0.0
0.5918367346938775,0.5918367346938775,0.0,0.0
0.6020408163265306,0.5,1.0,0.0
0.6020408163265306,0.5102040816326531,1.0,0.0
0.6020408163265306,0.5204081632653061,1.0,0.0
0.6020408163265306,0.5306122448979592,0.8621000000000001,0.013991211527240944
0.6020408163265306,0.5408163265306123,0.3715,0.021928862259588386
0.6020408163265306,0.5510204081632653,0.057050000000000003,0.020005430512738284
0.6020408163265306,0.5612244897959183,0.0032,0.001830573680571203
0.6020408163265306,0.5714285714285714,0.0016,0.0015178932768808218
0.6020408163265306,0.5816326530612245,0.0,0.0
0.6020408163265306,0.5918367346938775,0.0,0.0
0.6020408163265306,0.6020408163265306,0.0,0.0
0.6122448979591837,0.5,1.0,0.0
0.6122448979591837,0.5102040816326531,1.0,0.0
0.6122448979591837,0.5204081632653061,1.0,0.0
0.6122448979591837,0.5306122448979592,0.9563,0.008726740514075118
0.6122448979591837,0.5408163265306123,0.5460499999999999,0.022019701405786594
0.6122448979591837,0.5510204081632653,0.1492,0.016509118692407537
0.6122448979591837,0.5612244897959183,0.017050000000000003,0.005707648377396772
0.6122448979591837,0.5714285714285714,0.0,0.0
0.6122448979591837,0.5816326530612245,0.0,0.0
0.6122448979591837,0.5918367346938775,0.0,0.0
0.6122448979591837,0.6020408163265306,0.0,0.0
0.6122448979591837,0.6122448979591837,0.0,0.0
0.6224489795918368,0.5,1.0,0.0
0.6224489795918368,0.5102040816326531,1.0,0.0
0.6224489795918368,0.5204081632653061,1.0,0.0
0.6224489795918368,0.5306122448979592,0.9721499999999998,0.009796695871568131
0.6224489795918368,0.5408163265306123,0.6935,0.025313830211961215
0.6224489795918368,0.5510204081632654,0.3263,0.016848026590672274
0.6224489795918368,0.5612244897959184,0.11185,0.019800258836692012
0.6224489795918368,0.5714285714285714,0.0030499999999999998,0.0028934840590540676
0.6224489795918368,0.5816326530612245,0.0,0.0
0.6224489795918368,0.5918367346938775,0.0,0.0
0.6224489795918368,0.6020408163265306,0.0,0.0
0.6224489795918368,0.6122448979591837,0.0,0.0
0.6224489795918368,0.6224489795918368,0.0,0.0
0.6326530612244898,0.5,1.0,0.0
0.6326530612244898,0.5102040816326531,1.0,0.0
0.6326530612244898,0.5204081632653061,1.0,0.0
0.6326530612244898,0.5306122448979592,0.9977499999999999,0.0021345374206136526
0.6326530612244898,0.5408163265306123,0.7616,0.025716026131577956
0.6326530612244898,0.5510204081632654,0.44894999999999996,0.017387703988738706
0.6326530612244898,0.5612244897959184,0.21810000000000004,0.01244925700594216
0.6326530612244898,0.5714285714285714,0.04890000000000001,0.009180904094913529
0.6326530612244898,0.5816326530612245,0.0017500000000000003,0.0016601957715883999
0.6326530612244898,0.5918367346938775,0.0,0.0
0.6326530612244898,0.6020408163265306,0.0,0.0
0.6326530612244898,0.6122448979591837,0.0,0.0
0.6326530612244898,0.6224489795918368,0.0,0.0
0.6326530612244898,0.6326530612244898,0.0,0.0
0.6428571428571428,0.5,1.0,0.0
0.6428571428571428,0.5102040816326531,1.0,0.0
0.6428571428571428,0.5204081632653061,1.0,0.0
0.6428571428571428,0.5306122448979592,0.9995499999999999,0.00042690748412272625
0.6428571428571428,0.5408163265306122,0.8720999999999999,0.01687050680922183
0.6428571428571428,0.5510204081632653,0.5598500000000001,0.01332611158590532
0.6428571428571428,0.5612244897959183,0.32465,0.017087429590198756
0.6428571428571428,0.5714285714285714,0.15765,0.008779251107013627
0.6428571428571428,0.5816326530612245,0.04015,0.012676365804125407
0.6428571428571428,0.5918367346938775,0.0,0.0
0.6428571428571428,0.6020408163265306,0.0,0.0
0.6428571428571428,0.6122448979591836,0.0,0.0
0.6428571428571428,0.6224489795918366,0.0,0.0
0.6428571428571428,0.6326530612244897,0.0,0.0
0.6428571428571428,0.6428571428571428,0.0,0.0
0.653061224489796,0.5,1.0,0.0
0.653061224489796,0.5102040816326531,1.0,0.0
0.653061224489796,0.5204081632653061,1.0,0.0
0.653061224489796,0.5306122448979592,1.0,0.0
0.653061224489796,0.5408163265306123,0.9371500000000001,0.009678339217035122
0.653061224489796,0.5510204081632654,0.6529499999999999,0.014105929604247999
0.653061224489796,0.5612244897959184,0.42650000000000005,0.023839358212837856
0.653061224489796,0.5714285714285714,0.2363,0.016687300560605963
0.653061224489796,0.5816326530612246,0.13555,0.011477902682981765
0.653061224489796,0.5918367346938775,0.02975,0.01188218203866613
0.653061224489796,0.6020408163265306,0.0010500000000000002,0.0009961174629530393
0.653061224489796,0.6122448979591837,0.0,0.0
0.653061224489796,0.6224489795918368,0.0,0.0
0.653061224489796,0.6326530612244898,0.0,0.0
0.653061224489796,0.6428571428571429,0.0,0.0
0.653061224489796,0.653061224489796,0.0,0.0
0.6632653061224489,0.5,1.0,0.0
0.6632653061224489,0.5102040816326531,1.0,0.0
0.6632653061224489,0.5204081632653061,1.0,0.0
0.6632653061224489,0.5306122448979592,1.0,0.0
0.6632653061224489,0.5408163265306123,0.93625,0.010686732428577036
0.6632653061224489,0.5510204081632653,0.73735,0.012553893818254164
0.6632653061224489,0.5612244897959183,0.46849999999999997,0.01665487916497745
0.6632653061224489,0.5714285714285714,0.33025000000000004,0.015297753102988686
0.6632653061224489,0.5816326530612245,0.19775000000000004,0.009864393037587257
0.6632653061224489,0.5918367346938775,0.15195,0.011816185932863446
0.6632653061224489,0.6020408163265306,0.0359,0.00702452845392486
0.6632653061224489,0.6122448979591837,0.0008,0.000758946638440411
0.6632653061224489,0.6224489795918366,0.0,0.0
0.6632653061224489,0.6326530612244898,0.0,0.0
0.6632653061224489,0.6428571428571428,0.0,0.0
0.6632653061224489,0.6530612244897959,0.0,0.0
0.6632653061224489,0.6632653061224489,0.0,0.0
0.673469387755102,0.5,1.0,0.0
0.673469387755102,0.5102040816326531,1.0,0.0
0.673469387755102,0.5204081632653061,1.0,0.0
0.673469387755102,0.5306122448979592,1.0,0.0
0.673469387755102,0.5408163265306123,0.99315,0.00500452295428845
0.673469387755102,0.5510204081632653,0.79255,0.01881454889174864
0.673469387755102,0.5612244897959183,0.5468999999999999,0.018072603575578144
0.673469387755102,0.5714285714285714,0.38039999999999996,0.009359433743555218
0.673469387755102,0.5816326530612245,0.25625,0.010556100132151074
0.673469387755102,0.5918367346938775,0.18159999999999998,0.011999333314813785
0.673469387755102,0.6020408163265306,0.10974999999999999,0.009836983785693662
0.673469387755102,0.6122448979591837,0.039349999999999996,0.011609058962723894
0.673469387755102,0.6224489795918368,0.0115,0.007340299721401029
0.673469387755102,0.6326530612244898,0.0,0.0
0.673469387755102,0.6428571428571428,0.0,0.0
0.673469387755102,0.6530612244897959,0.0,0.0
0.673469387755102,0.6632653061224489,0.0,0.0
0.673469387755102,0.673469387755102,0.0,0.0
0.6836734693877551,0.5,1.0,0.0
0.6836734693877551,0.5102040816326531,1.0,0.0
0.6836734693877551,0.5204081632653061,1.0,0.0
0.6836734693877551,0.5306122448979592,1.0,0.0
0.6836734693877551,0.5408163265306123,0.9902000000000001,0.009297096320895032
0.6836734693877551,0.5510204081632653,0.8525,0.023445468645348085
0.6836734693877551,0.5612244897959183,0.6240499999999999,0.011401633654875953
0.6836734693877551,0.5714285714285714,0.4549,0.013031845609889642
0.6836734693877551,0.5816326530612245,0.3411,0.005993663320541117
0.6836734693877551,0.5918367346938775,0.259,0.014208272238382823
0.6836734693877551,0.6020408163265306,0.17175,0.011559249543114812
0.6836734693877551,0.6122448979591837,0.08545,0.008150598137560212
0.6836734693877551,0.6224489795918368,0.052500000000000005,0.00982878425849301
0.6836734693877551,0.6326530612244898,0.0082,0.0034235946021688958
0.6836734693877551,0.6428571428571428,0.00455,0.0039130870166659976
0.6836734693877551,0.653061224489796,0.0,0.0
0.6836734693877551,0.6632653061224489,0.0,0.0
0.6836734693877551,0.673469387755102,0.0,0.0
0.6836734693877551,0.6836734693877551,0.0,0.0
0.6938775510204082,0.5,1.0,0.0
0.6938775510204082,0.5102040816326531,1.0,0.0
0.6938775510204082,0.5204081632653061,1.0,0.0
0.6938775510204082,0.5306122448979592,1.0,0.0
0.6938775510204082,0.5408163265306123,1.0,0.0
0.6938775510204082,0.5510204081632653,0.8887499999999999,0.0132968511310009
0.6938775510204082,0.5612244897959183,0.6675,0.010356157588603988
0.6938775510204082,0.5714285714285714,0.51945,0.012246519913836743
0.6938775510204082,0.5816326530612245,0.3629,0.010205341738521063
0.6938775510204082,0.5918367346938775,0.2892,0.005959110671903987
0.6938775510204082,0.6020408163265306,0.21589999999999998,0.006724135632183515
0.6938775510204082,0.6122448979591837,0.1564,0.009334291617471568
0.6938775510204082,0.6224489795918368,0.10659999999999999,0.012021189624991364
0.6938775510204082,0.6326530612244898,0.048150000000000005,0.005959467258069298
0.6938775510204082,0.6428571428571428,0.01575,0.005992182407103442
0.6938775510204082,0.653061224489796,0.0026,0.0017899720668211553
0.6938775510204082,0.6632653061224489,0.0,0.0
0.6938775510204082,0.673469387755102,0.0,0.0
0.6938775510204082,0.6836734693877551,0.0,0.0
0.6938775510204082,0.6938775510204082,0.0,0.0
0.7040816326530612,0.5,1.0,0.0
0.7040816326530612,0.5102040816326531,1.0,0.0
0.7040816326530612,0.5204081632653061,1.0,0.0
0.7040816326530612,0.5306122448979592,1.0,0.0
0.7040816326530612,0.5408163265306123,0.9978,0.0020871032557111323
0.7040816326530612,0.5510204081632653,0.9356499999999999,0.012783788562081273
0.7040816326530612,0.5612244897959183,0.71855,0.01931015924325846
0.7040816326530612,0.5714285714285714,0.5420499999999999,0.01047889545706035
0.7040816326530612,0.5816326530612245,0.42885,0.012200624983991598
0.7040816326530612,0.5918367346938775,0.3494,0.00813996314487971
0.7040816326530612,0.6020408163265306,0.23854999999999998,0.009775338868806544
0.7040816326530612,0.6122448979591837,0.21644999999999998,0.004718288884754725
0.7040816326530612,0.6224489795918368,0.1529,0.004808742039244775
0.7040816326530612,0.6326530612244898,0.10720000000000003,0.010161741976649477
0.7040816326530612,0.6428571428571428,0.06395,0.012725849676937098
0.7040816326530612,0.653061224489796,0.028500000000000004,0.007070007072132247
0.7040816326530612,0.6632653061224489,0.006,0.0022561028345356956
0.7040816326530612,0.673469387755102,0.0039,0.0019323560748474903
0.7040816326530612,0.6836734693877551,0.0,0.0
0.7040816326530612,0.6938775510204082,0.0,0.0
0.7040816326530612,0.7040816326530612,0.0,0.0
0.7142857142857143,0.5,1.0,0.0
0.7142857142857143,0.5102040816326531,1.0,0.0
0.7142857142857143,0.5204081632653061,1.0,0.0
0.7142857142857143,0.5306122448979592,1.0,0.0
0.7142857142857143,0.5408163265306123,0.9990500000000001,0.0009012491331479836
0.7142857142857143,0.5510204081632653,0.9768000000000001,0.008634871162906826
0.7142857142857143,0.5612244897959183,0.75115,0.013876427854458797
0.7142857142857143,0.5714285714285714,0.6183500000000001,0.010994328083152692
0.7142857142857143,0.5816326530612245,0.46564999999999995,0.01135672708133818
0.7142857142857143,0.5918367346938775,0.3936,0.007733951124748592
0.7142857142857143,0.6020408163265306,0.3196,0.00881612159625762
0.7142857142857143,0.6122448979591837,0.2447,0.009533152678941004
0.7142857142857143,0.6224489795918368,0.18935,0.008147100711296013
0.7142857142857143,0.6326530612244898,0.16610000000000003,0.006644471386047198
0.7142857142857143,0.6428571428571428,0.11315000000000001,0.008052965292362808
0.7142857142857143,0.653061224489796,0.0829,0.011561314804121545
0.7142857142857143,0.6632653061224489,0.05575,0.010477654794847937
0.7142857142857143,0.6734693877551021,0.0225,0.00775112895003044
0.7142857142857143,0.6836734693877551,0.0034000000000000002,0.002338589318371227
0.7142857142857143,0.6938775510204082,0.00605,0.0038810114661000424
0.7142857142857143,0.7040816326530612,0.0,0.0
0.7142857142857143,0.7142857142857143,0.0,0.0
0.7244897959183674,0.5,1.0,0.0
0.7244897959183674,0.5102040816326531,1.0,0.0
0.7244897959183674,0.5204081632653061,1.0,0.0
0.7244897959183674,0.5306122448979592,1.0,0.0
0.7244897959183674,0.5408163265306123,1.0,0.0
0.7244897959183674,0.5510204081632653,0.98055,0.008589950523722474
0.7244897959183674,0.5612244897959183,0.7985,0.015555867060373069
0.7244897959183674,0.5714285714285714,0.6326500000000002,0.013221582734302276
0.7244897959183674,0.5816326530612245,0.5176999999999999,0.007555196886911687
0.7244897959183674,0.5918367346938775,0.42455,0.006749981481456079
0.7244897959183674,0.6020408163265306,0.36160000000000003,0.012083832173611149
0.7244897959183674,0.6122448979591837,0.2908,0.00801286465628866
0.7244897959183674,0.6224489795918368,0.24565000000000006,0.009474452490777503
0.7244897959183674,0.6326530612244898,0.17770000000000002,0.005280719647926786
0.7244897959183674,0.6428571428571429,0.15714999999999998,0.008908156374918437
0.7244897959183674,0.653061224489796,0.11205000000000001,0.0067503518426819805
0.7244897959183674,0.6632653061224489,0.0933,0.006215786354114819
0.7244897959183674,0.6734693877551021,0.05845,0.006427071650448593
0.7244897959183674,0.6836734693877551,0.04925,0.009559615578044965
0.7244897959183674,0.6938775510204082,0.0056,0.002854645336990219
0.7244897959183674,0.7040816326530612,0.008499999999999999,0.0034899856733230294
0.7244897959183674,0.7142857142857143,0.00065,0.0006166441437328338
0.7244897959183674,0.7244897959183674,0.00025,0.00023717082451262843
0.7346938775510204,0.5,1.0,0.0
0.7346938775510204,0.5102040816326531,1.0,0.0
0.7346938775510204,0.5204081632653061,1.0,0.0
0.7346938775510204,0.5306122448979592,1.0,0.0
0.7346938775510204,0.5408163265306123,1.0,0.0
0.7346938775510204,0.5510204081632654,0.99305,0.004993220403707411
0.7346938775510204,0.5612244897959183,0.8467500000000001,0.009356080910295713
0.7346938775510204,0.5714285714285714,0.6786999999999999,0.015794176141856853
0.7346938775510204,0.5816326530612245,0.5199999999999999,0.014114708640280185
0.7346938775510204,0.5918367346938775,0.45499999999999996,0.01201707119060214
0.7346938775510204,0.6020408163265306,0.3869,0.011705297945802145
0.7346938775510204,0.6122448979591837,0.3135,0.009699999999999997
0.7346938775510204,0.6224489795918368,0.28365,0.008366615205685032
0.7346938775510204,0.6326530612244898,0.22625,0.005279322873248045
0.7346938775510204,0.6428571428571429,0.20604999999999998,0.006517840900175455
0.7346938775510204,0.653061224489796,0.13765,0.006914857193030091
0.7346938775510204,0.6632653061224489,0.14145000000000002,0.006145506488484087
0.7346938775510204,0.6734693877551021,0.11005000000000001,0.004685856378507562
0.7346938775510204,0.6836734693877551,0.07425,0.006321886585505945
0.7346938775510204,0.6938775510204082,0.06325,0.006421545764066468
0.7346938775510204,0.7040816326530612,0.04055,0.006914640265407882
0.7346938775510204,0.7142857142857143,0.032600000000000004,0.007272482382240606
0.7346938775510204,0.7244897959183674,0.009999999999999998,0.00467493315460232
0.7346938775510204,0.7346938775510204,0.0036499999999999996,0.0025020491601885045
0.7448979591836735,0.5,1.0,0.0
0.7448979591836735,0.5102040816326531,1.0,0.0
0.7448979591836735,0.5204081632653061,1.0,0.0
0.7448979591836735,0.5306122448979592,1.0,0.0
0.7448979591836735,0.5408163265306123,1.0,0.0
0.7448979591836735,0.5510204081632654,0.99405,0.003861638253384175
0.7448979591836735,0.5612244897959184,0.85965,0.01482768525428025
0.7448979591836735,0.5714285714285714,0.7057,0.011967288748918862
0.7448979591836735,0.5816326530612245,0.5738500000000001,0.009061194733587845
0.7448979591836735,0.5918367346938775,0.489,0.007495665414090997
0.7448979591836735,0.6020408163265306,0.4186000000000001,0.005853118826745275
0.7448979591836735,0.6122448979591837,0.3534,0.010148103271055139
0.7448979591836735,0.6224489795918368,0.29535,0.004554146462291261
0.7448979591836735,0.6326530612244898,0.25705,0.0076653277816411715
0.7448979591836735,0.6428571428571429,0.22014999999999998,0.00637889096943975
0.7448979591836735,0.653061224489796,0.187,0.005224940191045253
0.7448979591836735,0.6632653061224489,0.16294999999999998,0.006935578562744423
0.7448979591836735,0.6734693877551021,0.1508,0.005320338335106142
0.7448979591836735,0.6836734693877551,0.12420000000000002,0.004498444175490009
0.7448979591836735,0.6938775510204082,0.0955,0.006878226515607057
0.7448979591836735,0.7040816326530612,0.08235,0.006187103522650967
0.7448979591836735,0.7142857142857143,0.06945,0.005797607265070651
0.7448979591836735,0.7244897959183674,0.04805,0.007687798774681866
0.7448979591836735,0.7346938775510204,0.037950000000000005,0.0062411737678100265
0.7448979591836735,0.7448979591836735,0.01935,0.0060237239312571425
0.7551020408163265,0.5,1.0,0.0
0.7551020408163265,0.5102040816326531,1.0,0.0
0.7551020408163265,0.5204081632653061,1.0,0.0
0.7551020408163265,0.5306122448979592,1.0,0.0
0.7551020408163265,0.5408163265306123,1.0,0.0
0.7551020408163265,0.5510204081632653,1.0,0.0
0.7551020408163265,0.5612244897959183,0.90945,0.015241792873543452
0.7551020408163265,0.5714285714285714,0.7294499999999999,0.00791215836545251
0.7551020408163265,0.5816326530612245,0.6089500000000001,0.010293310934777011
0.7551020408163265,0.5918367346938775,0.5117499999999999,0.006709415026662159
0.7551020408163265,0.6020408163265306,0.43479999999999996,0.012098388322417164
0.7551020408163265,0.6122448979591837,0.3741,0.005953906280753839
0.7551020408163265,0.6224489795918366,0.33195,0.006859828715062789
0.7551020408163265,0.6326530612244898,0.2758000000000001,0.006005497481474785
0.7551020408163265,0.6428571428571428,0.25070000000000003,0.006107045111999748
0.7551020408163265,0.6530612244897959,0.22295000000000004,0.006335791189741026
0.7551020408163265,0.6632653061224489,0.202,0.005763245613367523
0.7551020408163265,0.673469387755102,0.16685,0.0038523045050982137
0.7551020408163265,0.6836734693877551,0.14734999999999998,0.004084758254780813
0.7551020408163265,0.6938775510204082,0.14489999999999997,0.006845728595262887
0.7551020408163265,0.7040816326530612,0.1122,0.00836815391827851
0.7551020408163265,0.7142857142857142,0.0928,0.0067395103679718455
0.7551020408163265,0.7244897959183673,0.08519999999999998,0.005292069538469803
0.7551020408163265,0.7346938775510203,0.0782,0.00633490331417931
0.7551020408163265,0.7448979591836734,0.048949999999999994,0.0045560125109573605
0.7551020408163265,0.7551020408163265,0.04064999999999999,0.00502446514566476
0.7653061224489797,0.5,1.0,0.0
0.7653061224489797,0.5102040816326531,1.0,0.0
0.7653061224489797,0.5204081632653061,1.0,0.0
0.7653061224489797,0.5306122448979592,1.0,0.0
0.7653061224489797,0.5408163265306123,1.0,0.0
0.7653061224489797,0.5510204081632654,1.0,0.0
0.7653061224489797,0.5612244897959184,0.945,0.01329774416959508
0.7653061224489797,0.5714285714285714,0.77295,0.012505288881109466
0.7653061224489797,0.5816326530612245,0.6392499999999999,0.009375033333274075
0.7653061224489797,0.5918367346938775,0.5423,0.007755385225764094
0.7653061224489797,0.6020408163265306,0.4860500000000001,0.0059111970022999545
0.7653061224489797,0.6122448979591837,0.42575,0.0047054489690145414
0.7653061224489797,0.6224489795918368,0.3479,0.005893131595340459
0.7653061224489797,0.6326530612244898,0.32669999999999993,0.007108164319991485
0.7653061224489797,0.6428571428571429,0.29079999999999995,0.007885175965062538
0.7653061224489797,0.653061224489796,0.26480000000000004,0.008192740689171115
0.7653061224489797,0.663265306122449,0.21395000000000003,0.006417339791533561
0.7653061224489797,0.6734693877551021,0.19225000000000003,0.007654492145139348
0.7653061224489797,0.6836734693877551,0.17905000000000001,0.005361179907445747
0.7653061224489797,0.6938775510204083,0.15405000000000002,0.006363744966605749
0.7653061224489797,0.7040816326530612,0.1363,0.004874012720541462
0.7653061224489797,0.7142857142857144,0.12975,0.004774541862838779
0.7653061224489797,0.7244897959183674,0.11839999999999999,0.0059568448024100796
0.7653061224489797,0.7346938775510204,0.0875,0.004035467754796213
0.7653061224489797,0.7448979591836735,0.093,0.005538050198400155
0.7653061224489797,0.7551020408163266,0.06855,0.006082125450860085
0.7653061224489797,0.7653061224489797,0.06465000000000001,0.005809496535845425
0.7755102040816326,0.5,1.0,0.0
0.7755102040816326,0.5102040816326531,1.0,0.0
0.7755102040816326,0.5204081632653061,1.0,0.0
0.7755102040816326,0.5306122448979592,1.0,0.0
0.7755102040816326,0.5408163265306123,1.0,0.0
0.7755102040816326,0.5510204081632653,1.0,0.0
0.7755102040816326,0.5612244897959183,0.9587,0.013242205254412878
0.7755102040816326,0.5714285714285714,0.8098500000000002,0.00898527962836995
0.7755102040816326,0.5816326530612245,0.6757999999999998,0.011929626984948023
0.7755102040816326,0.5918367346938775,0.5819,0.008735502275198603
0.7755102040816326,0.6020408163265306,0.49970000000000014,0.007887711962286655
0.7755102040816326,0.6122448979591837,0.43955,0.005488374076172288
0.7755102040816326,0.6224489795918368,0.39139999999999997,0.008310174486736125
0.7755102040816326,0.6326530612244898,0.3456,0.007918585732313566
0.7755102040816326,0.6428571428571428,0.3106,0.007980538828926275
0.7755102040816326,0.653061224489796,0.2787,0.006841491065549965
0.7755102040816326,0.6632653061224489,0.25465,0.0037756125330865196
0.7755102040816326,0.673469387755102,0.21995000000000003,0.003591274147151676
0.7755102040816326,0.6836734693877551,0.20325000000000001,0.0063938446962684345
0.7755102040816326,0.6938775510204082,0.17805,0.0029448684181131064
0.7755102040816326,0.7040816326530612,0.16415,0.007014288987488326
0.7755102040816326,0.7142857142857143,0.15405000000000002,0.004103931042305658
0.7755102040816326,0.7244897959183674,0.14314999999999997,0.004183330013278894
0.7755102040816326,0.7346938775510203,0.11935000000000003,0.003510733541583581
0.7755102040816326,0.7448979591836734,0.1119,0.004123590668337488
0.7755102040816326,0.7551020408163265,0.1025,0.005373081052803874
0.7755102040816326,0.7653061224489796,0.0891,0.0037093126047827237
0.7755102040816326,0.7755102040816326,0.07715,0.006925333926966987
0.7857142857142857,0.5,1.0,0.0
0.7857142857142857,0.5102040816326531,1.0,0.0
0.7857142857142857,0.5204081632653061,1.0,0.0
0.7857142857142857,0.5306122448979592,1.0,0.0
0.7857142857142857,0.5408163265306123,1.0,0.0
0.7857142857142857,0.5510204081632653,1.0,0.0
0.7857142857142857,0.5612244897959183,0.9847499999999998,0.007343449461935448
0.7857142857142857,0.5714285714285714,0.8052000000000001,0.011402017365361268
0.7857142857142857,0.5816326530612245,0.69115,0.009375513319280179
0.7857142857142857,0.5918367346938775,0.59955,0.009986853858948772
0.7857142857142857,0.6020408163265306,0.5127499999999999,0.008137951216368896
0.7857142857142857,0.6122448979591837,0.46420000000000006,0.004764031905854532
0.7857142857142857,0.6224489795918368,0.40845000000000004,0.006511317071069414
0.7857142857142857,0.6326530612244898,0.36324999999999996,0.008594256803237846
0.7857142857142857,0.6428571428571428,0.33299999999999996,0.006791906948714769
0.7857142857142857,0.6530612244897959,0.3153,0.005695261188040459
0.7857142857142857,0.6632653061224489,0.27635,0.0043914974666962965
0.7857142857142857,0.673469387755102,0.24924999999999997,0.004117796740976906
0.7857142857142857,0.6836734693877551,0.23049999999999998,0.003963584236521282
0.7857142857142857,0.6938775510204082,0.2049,0.0054432527040364385
0.7857142857142857,0.7040816326530612,0.18814999999999998,0.004528824350755944
0.7857142857142857,0.7142857142857143,0.16835,0.0022068642912512755
0.7857142857142857,0.7244897959183674,0.1504,0.0036254654873546922
0.7857142857142857,0.7346938775510203,0.14470000000000002,0.005235074020489109
0.7857142857142857,0.7448979591836734,0.13485000000000003,0.004753446118344038
0.7857142857142857,0.7551020408163265,0.1252,0.002553624874565565
0.7857142857142857,0.7653061224489797,0.11424999999999999,0.004774541862838779
0.7857142857142857,0.7755102040816326,0.10189999999999999,0.004870215600977024
0.7857142857142857,0.7857142857142857,0.09855,0.0044874547351477535
0.7959183673469388,0.5,1.0,0.0
0.7959183673469388,0.5102040816326531,1.0,0.0
0.7959183673469388,0.5204081632653061,1.0,0.0
0.7959183673469388,0.5306122448979592,1.0,0.0
0.7959183673469388,0.5408163265306123,1.0,0.0
0.7959183673469388,0.5510204081632653,1.0,0.0
0.7959183673469388,0.5612244897959183,0.9615500000000001,0.012018204940838714
0.7959183673469388,0.5714285714285714,0.85565,0.01297113140786107
0.7959183673469388,0.5816326530612245,0.698,0.004506106967216828
0.7959183673469388,0.5918367346938775,0.6255000000000001,0.008685044617041409
0.7959183673469388,0.6020408163265306,0.5474,0.007669680567011901
0.7959183673469388,0.6122448979591837,0.48414999999999997,0.00920028532166258
0.7959183673469388,0.6224489795918368,0.44315,0.006253019270720347
0.7959183673469388,0.6326530612244898,0.391,0.00718226983620081
0.7959183673469388,0.6428571428571428,0.3636,0.006497999692212982
0.7959183673469388,0.653061224489796,0.31320000000000003,0.004903162244919093
0.7959183673469388,0.6632653061224489,0.30634999999999996,0.0060291168507502005
0.7959183673469388,0.673469387755102,0.26945,0.0036100207755634865
0.7959183673469388,0.6836734693877551,0.25129999999999997,0.005824602990762546
0.7959183673469388,0.6938775510204082,0.22359999999999997,0.0040235556414693705
0.7959183673469388,0.7040816326530612,0.20895000000000002,0.006581963992608892
0.7959183673469388,0.7142857142857143,0.20195,0.003825865915057661
0.7959183673469388,0.7244897959183674,0.1715,0.0043703546766824305
0.7959183673469388,0.7346938775510204,0.16935000000000003,0.00465942593030515
0.7959183673469388,0.7448979591836735,0.1669,0.0035726740685374583
0.7959183673469388,0.7551020408163265,0.13879999999999998,0.004142583734820576
0.7959183673469388,0.7653061224489797,0.13215000000000002,0.005094138788843506
0.7959183673469388,0.7755102040816326,0.12104999999999999,0.0042246005728352595
0.7959183673469388,0.7857142857142857,0.12445000000000002,0.0035138653929824935
0.7959183673469388,0.7959183673469388,0.10765,0.004779147413503794
0.8061224489795918,0.5,1.0,0.0
0.8061224489795918,0.5102040816326531,1.0,0.0
0.8061224489795918,0.5204081632653061,1.0,0.0
0.8061224489795918,0.5306122448979592,1.0,0.0
0.8061224489795918,0.5408163265306123,1.0,0.0
0.8061224489795918,0.5510204081632653,0.9998000000000001,0.0001897366596101029
0.8061224489795918,0.5612244897959183,0.99605,0.002827056773395259
0.8061224489795918,0.5714285714285714,0.85035,0.009392563547828678
0.8061224489795918,0.5816326530612245,0.7467499999999999,0.013929151086839427
0.8061224489795918,0.5918367346938775,0.6591000000000001,0.007159539091310276
0.8061224489795918,0.6020408163265306,0.5671,0.009740841852735316
0.8061224489795918,0.6122448979591837,0.5082,0.007481376878623348
0.8061224489795918,0.6224489795918368,0.4428000000000001,0.009220140996752705
0.8061224489795918,0.6326530612244898,0.41255,0.005151917118898554
0.8061224489795918,0.6428571428571428,0.37905000000000005,0.005879817174028457
0.8061224489795918,0.653061224489796,0.34435000000000004,0.005874968085019694
0.8061224489795918,0.6632653061224489,0.31155,0.004732573295787403
0.8061224489795918,0.673469387755102,0.28930000000000006,0.003706211003167521
0.8061224489795918,0.6836734693877551,0.26870000000000005,0.0054190405054769615
0.8061224489795918,0.6938775510204082,0.2476,0.004119951456024696
0.8061224489795918,0.7040816326530612,0.23155,0.006738861179754339
0.8061224489795918,0.7142857142857143,0.21405,0.0038874477488449917
0.8061224489795918,0.7244897959183674,0.20260000000000003,0.004419162816642989
0.8061224489795918,0.7346938775510204,0.1968,0.004907748974835612
0.8061224489795918,0.7448979591836735,0.1768,0.003878272811445837
0.8061224489795918,0.7551020408163265,0.16909999999999997,0.0036768192775821877
0.8061224489795918,0.7653061224489797,0.1557,0.0028975852015083203
0.8061224489795918,0.7755102040816326,0.14865,0.005277807309858897
0.8061224489795918,0.7857142857142857,0.14415,0.00443793307745847
0.8061224489795918,0.7959183673469388,0.1352,0.004940748931083222
0.8061224489795918,0.8061224489795918,0.12210000000000003,0.0024927896020322297
0.8163265306122449,0.5,1.0,0.0
0.8163265306122449,0.5102040816326531,1.0,0.0
0.8163265306122449,0.5204081632653061,1.0,0.0
0.8163265306122449,0.5306122448979592,1.0,0.0
0.8163265306122449,0.5408163265306123,1.0,0.0
0.8163265306122449,0.5510204081632653,1.0,0.0
0.8163265306122449,0.5612244897959183,0.9938,0.0026506602950962938
0.8163265306122449,0.5714285714285714,0.9010999999999999,0.009120252189495632
0.8163265306122449,0.5816326530612245,0.7688500000000001,0.00838959176599195
0.8163265306122449,0.5918367346938775,0.6625000000000001,0.010386529738079023
0.8163265306122449,0.6020408163265306,0.59775,0.007581309253684354
0.8163265306122449,0.6122448979591837,0.53085,0.006236605647305274
0.8163265306122449,0.6224489795918368,0.47195,0.005896799979649977
0.8163265306122449,0.6326530612244898,0.4267,0.005725032750998024
0.8163265306122449,0.6428571428571428,0.409,0.005994163828258281
0.8163265306122449,0.653061224489796,0.3629,0.004716354524418196
0.8163265306122449,0.6632653061224489,0.34185,0.004315698089533137
0.8163265306122449,0.673469387755102,0.31055,0.005859372833332937
0.8163265306122449,0.6836734693877551,0.2857,0.005340037453052177
0.8163265306122449,0.6938775510204082,0.27075000000000005,0.003751832885404146
0.8163265306122449,0.7040816326530612,0.25855,0.0037719027028808713
0.8163265306122449,0.7142857142857143,0.23410000000000003,0.005285735521192864
0.8163265306122449,0.7244897959183674,0.22164999999999999,0.003491453851907541
0.8163265306122449,0.7346938775510204,0.20885000000000004,0.004708529494438788
0.8163265306122449,0.7448979591836735,0.19639999999999996,0.004315553266963575
0.8163265306122449,0.7551020408163265,0.19130000000000003,0.0024188840402135877
0.8163265306122449,0.7653061224489797,0.17885,0.0032334579013805014
0.8163265306122449,0.7755102040816326,0.16135,0.0037756125330865187
0.8163265306122449,0.7857142857142857,0.16099999999999998,0.0035298725189445573
0.8163265306122449,0.7959183673469388,0.15294999999999997,0.004714578454114428
0.8163265306122449,0.8061224489795918,0.14165,0.0024052546642715387
0.8163265306122449,0.8163265306122449,0.13624999999999998,0.002307866980568853
0.8265306122448979,0.5,1.0,0.0
0.8265306122448979,0.5102040816326531,1.0,0.0
0.8265306122448979,0.5204081632653061,1.0,0.0
0.8265306122448979,0.5306122448979592,1.0,0.0
0.8265306122448979,0.5408163265306123,1.0,0.0
0.8265306122448979,0.5510204081632653,1.0,0.0
0.8265306122448979,0.5612244897959183,1.0,0.0
0.8265306122448979,0.5714285714285714,0.9069999999999998,0.015667801377347107
0.8265306122448979,0.5816326530612245,0.7815000000000001,0.010570241246064349
0.8265306122448979,0.5918367346938775,0.6785,0.00857467200538889
0.8265306122448979,0.6020408163265306,0.6015499999999999,0.010705944610355497
0.8265306122448979,0.6122448979591837,0.5498999999999999,0.006902825508442174
0.8265306122448979,0.6224489795918366,0.49234999999999995,0.00854255523833472
0.8265306122448979,0.6326530612244898,0.4603499999999999,0.0075710138026554895
0.8265306122448979,0.6428571428571428,0.4109,0.007298218960815028
0.8265306122448979,0.6530612244897959,0.38270000000000004,0.00424805838001316
0.8265306122448979,0.6632653061224489,0.35800000000000004,0.005333854141237834
0.8265306122448979,0.673469387755102,0.33795000000000003,0.0049474488375323275
0.8265306122448979,0.6836734693877551,0.30810000000000004,0.00608884225448484
0.8265306122448979,0.693877551020408,0.2937,0.007730847301557573
0.8265306122448979,0.7040816326530612,0.27695,0.004011514676528052
0.8265306122448979,0.7142857142857142,0.24794999999999998,0.004888992738795999
0.8265306122448979,0.7244897959183673,0.24075000000000002,0.005226016647505058
0.8265306122448979,0.7346938775510203,0.22394999999999995,0.0032995833070252976
0.8265306122448979,0.7448979591836734,0.21215,0.0025981243234302707
0.8265306122448979,0.7551020408163265,0.1996,0.00334798446830328
0.8265306122448979,0.7653061224489796,0.19895,0.003142013685520799
0.8265306122448979,0.7755102040816326,0.18119999999999997,0.004918942975884147
0.8265306122448979,0.7857142857142856,0.1769,0.003238672567580736
0.8265306122448979,0.7959183673469388,0.16049999999999998,0.0025980762113533154
0.8265306122448979,0.8061224489795917,0.1597,0.004015096511915996
0.8265306122448979,0.8163265306122448,0.154,0.004557960070031329
0.8265306122448979,0.8265306122448979,0.14304999999999998,0.004035127011631728
0.8367346938775511,0.5,1.0,0.0
0.8367346938775511,0.5102040816326531,1.0,0.0
0.8367346938775511,0.5204081632653061,1.0,0.0
0.8367346938775511,0.5306122448979592,1.0,0.0
0.8367346938775511,0.5408163265306123,1.0,0.0
0.8367346938775511,0.5510204081632654,1.0,0.0
0.8367346938775511,0.5612244897959184,0.9971,0.002118726032312816
0.8367346938775511,0.5714285714285714,0.9188500000000002,0.0114675738497731
0.8367346938775511,0.5816326530612245,0.80195,0.006330659523304031
0.8367346938775511,0.5918367346938775,0.7179999999999999,0.006289276587970987
0.8367346938775511,0.6020408163265306,0.6307,0.008596569083070294
0.8367346938775511,0.6122448979591837,0.5566500000000001,0.008902541771876167
0.8367346938775511,0.6224489795918368,0.5199,0.005846708475715203
0.8367346938775511,0.6326530612244898,0.45855000000000007,0.009160908797712156
0.8367346938775511,0.6428571428571429,0.426,0.006158327695080866
0.8367346938775511,0.653061224489796,0.39454999999999996,0.006083769390764246
0.8367346938775511,0.6632653061224489,0.3738,0.0057910275426732325
0.8367346938775511,0.6734693877551021,0.362,0.0047476309881876915
0.8367346938775511,0.6836734693877551,0.3276,0.004568807284182601
0.8367346938775511,0.6938775510204083,0.31225,0.0051794063366374385
0.8367346938775511,0.7040816326530612,0.2803,0.006012985947098161
0.8367346938775511,0.7142857142857143,0.26759999999999995,0.004021069509471329
0.8367346938775511,0.7244897959183674,0.25705,0.005360247195792375
0.8367346938775511,0.7346938775510204,0.24914999999999998,0.0033816046486838196
0.8367346938775511,0.7448979591836735,0.229,0.001983683442487737
0.8367346938775511,0.7551020408163265,0.2232,0.004193566501201572
0.8367346938775511,0.7653061224489797,0.21545,0.00358779179997948
0.8367346938775511,0.7755102040816326,0.20205,0.003998405932368548
0.8367346938775511,0.7857142857142858,0.1976,0.0029931588664820308
0.8367346938775511,0.7959183673469388,0.18665,0.002869712529156883
0.8367346938775511,0.8061224489795918,0.17825,0.0038911759148103297
0.8367346938775511,0.8163265306122449,0.1696,0.004145961890804109
0.8367346938775511,0.826530612244898,0.1614,0.0037267948695896853
0.8367346938775511,0.8367346938775511,0.15314999999999998,0.0024031749832253185
0.846938775510204,0.5,1.0,0.0
0.846938775510204,0.5102040816326531,1.0,0.0
0.846938775510204,0.5204081632653061,1.0,0.0
0.846938775510204,0.5306122448979592,1.0,0.0
0.846938775510204,0.5408163265306123,1.0,0.0
0.846938775510204,0.5510204081632653,1.0,0.0
0.846938775510204,0.5612244897959183,1.0,0.0
0.846938775510204,0.5714285714285714,0.9510500000000001,0.011300099557083557
0.846938775510204,0.5816326530612245,0.8087500000000001,0.010504106339903457
0.846938775510204,0.5918367346938775,0.7028000000000001,0.010122796056426306
0.846938775510204,0.6020408163265306,0.62955,0.007125114034175173
0.846938775510204,0.6122448979591837,0.5801499999999999,0.005603592597610931
0.846938775510204,0.6224489795918368,0.5319,0.00764454053557178
0.846938775510204,0.6326530612244898,0.491,0.007289375830618142
0.846938775510204,0.6428571428571428,0.4476,0.004474259715304871
0.846938775510204,0.6530612244897959,0.4236,0.007888535985846804
0.846938775510204,0.6632653061224489,0.38895,0.0042675812821784675
0.846938775510204,0.673469387755102,0.3491,0.00291530444379313
0.846938775510204,0.6836734693877551,0.34335,0.003496462498011378
0.846938775510204,0.6938775510204082,0.3221,0.004887637466097502
0.846938775510204,0.7040816326530612,0.30539999999999995,0.005259657783544481
0.846938775510204,0.7142857142857142,0.28495000000000004,0.005078114807682076
0.846938775510204,0.7244897959183674,0.27315,0.003098427020279804
0.846938775510204,0.7346938775510203,0.26304999999999995,0.002853462808588893
0.846938775510204,0.7448979591836734,0.2528,0.0036655149706419166
0.846938775510204,0.7551020408163265,0.2403,0.003241296037081463
0.846938775510204,0.7653061224489796,0.23205,0.004540622204059703
0.846938775510204,0.7755102040816326,0.22419999999999995,0.005491447896502341
0.846938775510204,0.7857142857142856,0.20659999999999998,0.0037120075430957843
0.846938775510204,0.7959183673469388,0.19885,0.003957935067683652
0.846938775510204,0.8061224489795917,0.1917,0.004542136061370244
0.846938775510204,0.8163265306122449,0.18670000000000003,0.004175044909938096
0.846938775510204,0.8265306122448979,0.17705,0.004358583485491587
0.846938775510204,0.836734693877551,0.16834999999999997,0.003531324114266489
0.846938775510204,0.846938775510204,0.16625,0.0030929354988424823
0.8571428571428572,0.5,1.0,0.0
0.8571428571428572,0.5102040816326531,1.0,0.0
0.8571428571428572,0.5204081632653061,1.0,0.0
0.8571428571428572,0.5306122448979592,1.0,0.0
0.8571428571428572,0.5408163265306123,1.0,0.0
0.8571428571428572,0.5510204081632654,1.0,0.0
0.8571428571428572,0.5612244897959184,1.0,0.0
0.8571428571428572,0.5714285714285714,0.9342,0.015937879407248633
0.8571428571428572,0.5816326530612245,0.8135,0.009376033276391466
0.8571428571428572,0.5918367346938775,0.7335,0.006436225602012412
0.8571428571428572,0.6020408163265306,0.6298999999999999,0.005480784615363025
0.8571428571428572,0.6122448979591837,0.5859,0.00980428477758577
0.8571428571428572,0.6224489795918368,0.54375,0.005560687907084876
0.8571428571428572,0.6326530612244898,0.48475,0.010092633452176886
0.8571428571428572,0.6428571428571429,0.4497,0.005003598704932281
0.8571428571428572,0.653061224489796,0.4319,0.00879852260325562
0.8571428571428572,0.6632653061224489,0.39905,0.0042050267537793356
0.8571428571428572,0.6734693877551021,0.38145,0.007410617383187453
0.8571428571428572,0.6836734693877551,0.35364999999999996,0.003767658424008204
0.8571428571428572,0.6938775510204082,0.34365,0.003355629598152927
0.8571428571428572,0.7040816326530612,0.32255,0.003687444914842796
0.8571428571428572,0.7142857142857143,0.30455,0.002356321285393825
0.8571428571428572,0.7244897959183674,0.29185000000000005,0.0038072627962881644
0.8571428571428572,0.7346938775510204,0.2773,0.005763332369384917
0.8571428571428572,0.7448979591836735,0.26245,0.004919070034061319
0.8571428571428572,0.7551020408163266,0.25780000000000003,0.0040051217209967575
0.8571428571428572,0.7653061224489797,0.23665000000000003,0.0032132927037542025
0.8571428571428572,0.7755102040816327,0.23769999999999997,0.005297735365229187
0.8571428571428572,0.7857142857142858,0.21995,0.0035280660424657603
0.8571428571428572,0.7959183673469388,0.21600000000000003,0.0030536862969204946
0.8571428571428572,0.806122448979592,0.21095000000000003,0.004505246941067713
0.8571428571428572,0.8163265306122449,0.19874999999999998,0.003600867950925165
0.8571428571428572,0.826530612244898,0.19770000000000001,0.0026685201891685204
0.8571428571428572,0.8367346938775511,0.1885,0.00347778665245584
0.8571428571428572,0.8469387755102041,0.18759999999999996,0.0034596242570545145
0.8571428571428572,0.8571428571428572,0.1755,0.003246536616149585
0.8673469387755102,0.5,1.0,0.0
0.8673469387755102,0.5102040816326531,1.0,0.0
0.8673469387755102,0.5204081632653061,1.0,0.0
0.8673469387755102,0.5306122448979592,1.0,0.0
0.8673469387755102,0.5408163265306123,1.0,0.0
0.8673469387755102,0.5510204081632653,1.0,0.0
0.8673469387755102,0.5612244897959183,1.0,0.0
0.8673469387755102,0.5714285714285714,0.97105,0.009510375912654554
0.8673469387755102,0.5816326530612245,0.8389,0.009478343737172656
0.8673469387755102,0.5918367346938775,0.7354499999999999,0.007260320240870925
0.8673469387755102,0.6020408163265306,0.6721999999999999,0.005897965751002629
0.8673469387755102,0.6122448979591837,0.6023000000000001,0.008160637230020704
0.8673469387755102,0.6224489795918368,0.5464,0.0058812413655622
0.8673469387755102,0.6326530612244898,0.5114500000000001,0.004520204641385166
0.8673469387755102,0.6428571428571428,0.47955000000000003,0.0067266076145409285
0.8673469387755102,0.653061224489796,0.45600000000000007,0.008742997197757757
0.8673469387755102,0.6632653061224489,0.40945,0.0031300559100437765
0.8673469387755102,0.673469387755102,0.39215,0.006209287398727811
0.8673469387755102,0.6836734693877551,0.37545,0.004827758278953084
0.8673469387755102,0.6938775510204082,0.35195,0.003234540152788334
0.8673469387755102,0.7040816326530612,0.333,0.0028186876378910805
0.8673469387755102,0.7142857142857143,0.31595,0.0033147020982284394
0.8673469387755102,0.7244897959183674,0.30065,0.0027650045207919666
0.8673469387755102,0.7346938775510203,0.2888,0.004013228127081736
0.8673469387755102,0.7448979591836734,0.2825999999999999,0.0037173915586066484
0.8673469387755102,0.7551020408163265,0.2687,0.004647149664041386
0.8673469387755102,0.7653061224489796,0.253,0.004114000486144846
0.8673469387755102,0.7755102040816326,0.24755,0.003128458086661863
0.8673469387755102,0.7857142857142857,0.24159999999999998,0.0021860924042683997
0.8673469387755102,0.7959183673469388,0.22795,0.0030817608602875073
0.8673469387755102,0.8061224489795918,0.22205,0.0033335041622892885
0.8673469387755102,0.8163265306122449,0.2211,0.00352902252755632
0.8673469387755102,0.8265306122448979,0.20729999999999998,0.0030481141710900516
0.8673469387755102,0.836734693877551,0.20335,0.0025475969068908823
0.8673469387755102,0.846938775510204,0.19590000000000002,0.0036978372057190406
0.8673469387755102,0.8571428571428571,0.18825000000000003,0.0030341802846897536
0.8673469387755102,0.8673469387755102,0.17995,0.0030671240600927767
0.8775510204081632,0.5,1.0,0.0
0.8775510204081632,0.5102040816326531,1.0,0.0
0.8775510204081632,0.5204081632653061,1.0,0.0
0.8775510204081632,0.5306122448979592,1.0,0.0
0.8775510204081632,0.5408163265306123,1.0,0.0
0.8775510204081632,0.5510204081632653,1.0,0.0
0.8775510204081632,0.5612244897959183,1.0,0.0
0.8775510204081632,0.5714285714285714,0.98345,0.00751247296168179
0.8775510204081632,0.5816326530612245,0.8581999999999999,0.009588326235584602
0.8775510204081632,0.5918367346938775,0.76045,0.00621105868592465
0.8775510204081632,0.6020408163265306,0.669,0.0061265814284966425
0.8775510204081632,0.6122448979591837,0.6222,0.005929249530927162
0.8775510204081632,0.6224489795918368,0.5656,0.004085217252484859
0.8775510204081632,0.6326530612244898,0.5333,0.003552604678260731
0.8775510204081632,0.6428571428571428,0.49465000000000003,0.005877946069844462
0.8775510204081632,0.653061224489796,0.45165000000000005,0.0062586140638323405
0.8775510204081632,0.6632653061224489,0.4336500000000001,0.006516536656844648
0.8775510204081632,0.673469387755102,0.41235,0.004519983407049186
0.8775510204081632,0.6836734693877551,0.3935,0.004945199692631227
0.8775510204081632,0.6938775510204082,0.35885,0.0026296862930775627
0.8775510204081632,0.7040816326530612,0.34465,0.004098810803147662
0.8775510204081632,0.7142857142857143,0.33049999999999996,0.00506951674225463
0.8775510204081632,0.7244897959183674,0.3158,0.004832287243117904
0.8775510204081632,0.7346938775510203,0.30335,0.0036097437582188604
0.8775510204081632,0.7448979591836735,0.2855,0.0026095976701399734
0.8775510204081632,0.7551020408163265,0.27785,0.003871078661045262
0.8775510204081632,0.7653061224489797,0.26375000000000004,0.005071612169714872
0.8775510204081632,0.7755102040816326,0.25985,0.002574927183436458
0.8775510204081632,0.7857142857142857,0.25605,0.0041051492055709776
0.8775510204081632,0.7959183673469388,0.24434999999999998,0.003704760451095321
0.8775510204081632,0.8061224489795918,0.23675000000000002,0.0034023888666641256
0.8775510204081632,0.8163265306122449,0.23005000000000003,0.00307770206485293
0.8775510204081632,0.8265306122448979,0.2223,0.0036449965706431054
0.8775510204081632,0.8367346938775511,0.22190000000000004,0.0021746264046957602
0.8775510204081632,0.846938775510204,0.21390000000000003,0.002148022346252478
0.8775510204081632,0.8571428571428571,0.20490000000000003,0.0027347760420187964
0.8775510204081632,0.8673469387755102,0.19999999999999998,0.002376972864800941
0.8775510204081632,0.8775510204081632,0.19,0.0018708286933869721
0.8877551020408163,0.5,1.0,0.0
0.8877551020408163,0.5102040816326531,1.0,0.0
0.8877551020408163,0.5204081632653061,1.0,0.0
0.8877551020408163,0.5306122448979592,1.0,0.0
0.8877551020408163,0.5408163265306123,1.0,0.0
0.8877551020408163,0.5510204081632653,1.0,0.0
0.8877551020408163,0.5612244897959183,1.0,0.0
0.8877551020408163,0.5714285714285714,0.9755,0.00911290294033685
0.8877551020408163,0.5816326530612245,0.8756999999999999,0.008321117713384426
0.8877551020408163,0.5918367346938775,0.7666999999999999,0.009084932580927614
0.8877551020408163,0.6020408163265306,0.6985,0.004795310208943732
0.8877551020408163,0.6122448979591837,0.6301,0.009328933486738987
0.8877551020408163,0.6224489795918368,0.5868,0.004922499365159941
0.8877551020408163,0.6326530612244898,0.5448000000000001,0.005395924387906115
0.8877551020408163,0.6428571428571428,0.508,0.0066268393673002204
0.8877551020408163,0.653061224489796,0.47775,0.009107757682327739
0.8877551020408163,0.6632653061224489,0.45255,0.004686923297857564
0.8877551020408163,0.673469387755102,0.42205000000000004,0.0029660158462152552
0.8877551020408163,0.6836734693877551,0.39624999999999994,0.004613160521811482
0.8877551020408163,0.6938775510204082,0.37755000000000005,0.005347639666245288
0.8877551020408163,0.7040816326530612,0.36205,0.006586520325634774
0.8877551020408163,0.7142857142857143,0.34359999999999996,0.001291897828777486
0.8877551020408163,0.7244897959183674,0.33805,0.0028822300393965745
0.8877551020408163,0.7346938775510203,0.3171,0.0026199236630100524
0.8877551020408163,0.7448979591836734,0.2991499999999999,0.004320329848518514
0.8877551020408163,0.7551020408163265,0.2903,0.0037075598444259762
0.8877551020408163,0.7653061224489797,0.2819,0.0031565804282482597
0.8877551020408163,0.7755102040816326,0.27454999999999996,0.0028691897811054597
0.8877551020408163,0.7857142857142857,0.2677,0.003162435770098735
0.8877551020408163,0.7959183673469388,0.25625,0.0025112248007695386
0.8877551020408163,0.8061224489795918,0.25035,0.002563249890276017
0.8877551020408163,0.8163265306122449,0.24820000000000006,0.0017002940922087582
0.8877551020408163,0.8265306122448979,0.23769999999999997,0.003626430752130805
0.8877551020408163,0.8367346938775511,0.2273,0.0017736967046256824
0.8877551020408163,0.846938775510204,0.22160000000000002,0.003002332426631002
0.8877551020408163,0.8571428571428571,0.21885000000000004,0.002803613739444149
0.8877551020408163,0.8673469387755102,0.2117,0.0023981242670053603
0.8877551020408163,0.8775510204081632,0.20415,0.002281501698443373
0.8877551020408163,0.8877551020408163,0.20095000000000002,0.001825445151189154
0.8979591836734694,0.5,1.0,0.0
0.8979591836734694,0.5102040816326531,1.0,0.0
0.8979591836734694,0.5204081632653061,1.0,0.0
0.8979591836734694,0.5306122448979592,1.0,0.0
0.8979591836734694,0.5408163265306123,1.0,0.0
0.8979591836734694,0.5510204081632653,1.0,0.0
0.8979591836734694,0.5612244897959183,1.0,0.0
0.8979591836734694,0.5714285714285714,0.99185,0.004246204187271264
0.8979591836734694,0.5816326530612245,0.8648999999999999,0.008061575528393938
0.8979591836734694,0.5918367346938775,0.78425,0.006408685512646099
0.8979591836734694,0.6020408163265306,0.71255,0.0065633261384758215
0.8979591836734694,0.6122448979591837,0.6348499999999999,0.007028175438903042
0.8979591836734694,0.6224489795918368,0.59225,0.00350446144221905
0.8979591836734694,0.6326530612244898,0.5408999999999999,0.005071390341908221
0.8979591836734694,0.6428571428571428,0.5154,0.0038599222790102936
0.8979591836734694,0.653061224489796,0.4849,0.0048217216842119754
0.8979591836734694,0.6632653061224489,0.46419999999999995,0.0026853305196939863
0.8979591836734694,0.673469387755102,0.43845,0.005108057360680285
0.8979591836734694,0.6836734693877551,0.40330000000000005,0.004604997285558371
0.8979591836734694,0.6938775510204082,0.38745,0.00549292727059079
0.8979591836734694,0.7040816326530612,0.37074999999999997,0.0031138802160648404
0.8979591836734694,0.7142857142857143,0.35935,0.005563744242863792
0.8979591836734694,0.7244897959183674,0.34445,0.0016710026929960284
0.8979591836734694,0.7346938775510204,0.33205000000000007,0.003173680828312766
0.8979591836734694,0.7448979591836735,0.31585,0.003315908623590225
0.8979591836734694,0.7551020408163265,0.30809999999999993,0.002274642829105266
0.8979591836734694,0.7653061224489796,0.30079999999999996,0.004558069766907918
0.8979591836734694,0.7755102040816326,0.28705,0.003625224131002108
0.8979591836734694,0.7857142857142857,0.28185,0.0029206591721732916
0.8979591836734694,0.7959183673469388,0.2676,0.0016640312497065684
0.8979591836734694,0.8061224489795918,0.26339999999999997,0.002432899504706269
0.8979591836734694,0.8163265306122449,0.25494999999999995,0.0023552600705654585
0.8979591836734694,0.8265306122448979,0.24975,0.0019650063613128603
0.8979591836734694,0.8367346938775511,0.244,0.0019313207915827985
0.8979591836734694,0.846938775510204,0.23495,0.0015723390219669522
0.8979591836734694,0.8571428571428572,0.22965,0.0022506110281432464
0.8979591836734694,0.8673469387755102,0.22634999999999997,0.0019249025949382478
0.8979591836734694,0.8775510204081632,0.22115,0.002015006203464398
0.8979591836734694,0.8877551020408163,0.22359999999999997,0.0022790348834539585
0.8979591836734694,0.8979591836734694,0.20834999999999998,0.0020952923423713443
0.9081632653061225,0.5,1.0,0.0
0.9081632653061225,0.5102040816326531,1.0,0.0
0.9081632653061225,0.5204081632653061,1.0,0.0
0.9081632653061225,0.5306122448979592,1.0,0.0
0.9081632653061225,0.5408163265306123,1.0,0.0
0.9081632653061225,0.5510204081632653,1.0,0.0
0.9081632653061225,0.5612244897959183,1.0,0.0
0.9081632653061225,0.5714285714285714,0.9984999999999999,0.0011423659658795873
0.9081632653061225,0.5816326530612245,0.8716000000000002,0.006337901861026249
0.9081632653061225,0.5918367346938775,0.7880499999999999,0.010143828172834947
0.9081632653061225,0.6020408163265306,0.71285,0.008888208480903222
0.9081632653061225,0.6122448979591837,0.6554499999999999,0.004416701257726183
0.9081632653061225,0.6224489795918368,0.60285,0.006428471824625195
0.9081632653061225,0.6326530612244898,0.5636,0.005786104043309278
0.9081632653061225,0.6428571428571428,0.5370999999999999,0.006321708629793064
0.9081632653061225,0.653061224489796,0.49049999999999994,0.007136876067300035
0.9081632653061225,0.6632653061224489,0.46175000000000005,0.005969610540060379
0.9081632653061225,0.673469387755102,0.4365,0.003737646318206155
0.9081632653061225,0.6836734693877551,0.42329999999999995,0.0029792616534973925
0.9081632653061225,0.6938775510204082,0.40214999999999995,0.0047418614488405255
0.9081632653061225,0.7040816326530612,0.38445000000000007,0.003949968354303618
0.9081632653061225,0.7142857142857143,0.375,0.004426623995778276
0.9081632653061225,0.7244897959183674,0.3523,0.0028785412972545618
0.9081632653061225,0.7346938775510203,0.33815000000000006,0.0018221553171999362
0.9081632653061225,0.7448979591836735,0.32710000000000006,0.0028167356993512925
0.9081632653061225,0.7551020408163265,0.31925,0.005034009336503063
0.9081632653061225,0.7653061224489797,0.30355,0.0030866243697605994
0.9081632653061225,0.7755102040816326,0.29719999999999996,0.0031497618957629153
0.9081632653061225,0.7857142857142857,0.28969999999999996,0.0030961266123981403
0.9081632653061225,0.7959183673469388,0.2814,0.001964433760654703
0.9081632653061225,0.8061224489795918,0.2739,0.0030966110508102193
0.9081632653061225,0.8163265306122449,0.26975000000000005,0.0015956973397232962
0.9081632653061225,0.826530612244898,0.26149999999999995,0.0023643180835073796
0.9081632653061225,0.8367346938775511,0.25505000000000005,0.002065732315669193
0.9081632653061225,0.846938775510204,0.24114999999999998,0.0025855850401794948
0.9081632653061225,0.8571428571428572,0.24009999999999998,0.002683095227531069
0.9081632653061225,0.8673469387755102,0.23840000000000003,0.002813183250341149
0.9081632653061225,0.8775510204081634,0.23200000000000004,0.0028442925306655775
0.9081632653061225,0.8877551020408163,0.22805,0.002140619069334849
0.9081632653061225,0.8979591836734694,0.22435000000000005,0.0025622743803113655
0.9081632653061225,0.9081632653061225,0.21680000000000002,0.002860244744772729
0.9183673469387755,0.5,1.0,0.0
0.9183673469387755,0.5102040816326531,1.0,0.0
0.9183673469387755,0.5204081632653061,1.0,0.0
0.9183673469387755,0.5306122448979592,1.0,0.0
0.9183673469387755,0.5408163265306123,1.0,0.0
0.9183673469387755,0.5510204081632653,1.0,0.0
0.9183673469387755,0.5612244897959183,1.0,0.0
0.9183673469387755,0.5714285714285714,0.9967500000000001,0.003083220718664167
0.9183673469387755,0.5816326530612245,0.8970499999999999,0.016538356931690642
0.9183673469387755,0.5918367346938775,0.79925,0.007558521680857974
0.9183673469387755,0.6020408163265306,0.7217,0.01018680519103021
0.9183673469387755,0.6122448979591837,0.6678499999999999,0.005821962727465712
0.9183673469387755,0.6224489795918368,0.6183500000000001,0.0034198318672121818
0.9183673469387755,0.6326530612244898,0.5888000000000001,0.0037664306710730824
0.9183673469387755,0.6428571428571429,0.534,0.0065360538553472835
0.9183673469387755,0.653061224489796,0.5079499999999999,0.0048838765340659465
0.9183673469387755,0.6632653061224489,0.47379999999999994,0.003986351715541414
0.9183673469387755,0.673469387755102,0.45199999999999996,0.004701063709417262
0.9183673469387755,0.6836734693877551,0.42865000000000003,0.004629281801748518
0.9183673469387755,0.6938775510204082,0.413,0.004084727653100018
0.9183673469387755,0.7040816326530612,0.39014999999999994,0.0034814149422325406
0.9183673469387755,0.7142857142857143,0.37149999999999994,0.0035121218657671923
0.9183673469387755,0.7244897959183674,0.3621,0.003482671388460304
0.9183673469387755,0.7346938775510204,0.34695000000000004,0.003951866647547709
0.9183673469387755,0.7448979591836735,0.33809999999999996,0.004277733044499149
0.9183673469387755,0.7551020408163265,0.33095,0.003956924310623087
0.9183673469387755,0.7653061224489797,0.31525000000000003,0.005093746165642729
0.9183673469387755,0.7755102040816326,0.31074999999999997,0.002549754890180625
0.9183673469387755,0.7857142857142858,0.3051499999999999,0.0029172332782964093
0.9183673469387755,0.7959183673469388,0.2965,0.003797367509209506
0.9183673469387755,0.8061224489795918,0.28419999999999995,0.00357854719124954
0.9183673469387755,0.8163265306122449,0.2762,0.0030807466627426503
0.9183673469387755,0.826530612244898,0.26915000000000006,0.0024698684175477868
0.9183673469387755,0.8367346938775511,0.26349999999999996,0.0029748949561287062
0.9183673469387755,0.846938775510204,0.25485,0.0029402805988544703
0.9183673469387755,0.8571428571428572,0.25255,0.002752680511792099
0.9183673469387755,0.8673469387755102,0.24634999999999999,0.0020616134458234406
0.9183673469387755,0.8775510204081634,0.23920000000000002,0.0018127327436773442
0.9183673469387755,0.8877551020408163,0.2412,0.0018401086924418365
0.9183673469387755,0.8979591836734694,0.2304,0.0020467046684854158
0.9183673469387755,0.9081632653061225,0.22970000000000002,0.0030076568953256613
0.9183673469387755,0.9183673469387755,0.22584999999999997,0.0021389834033951724
0.9285714285714286,0.5,1.0,0.0
0.9285714285714286,0.5102040816326531,1.0,0.0
0.9285714285714286,0.5204081632653061,1.0,0.0
0.9285714285714286,0.5306122448979592,1.0,0.0
0.9285714285714286,0.5408163265306123,1.0,0.0
0.9285714285714286,0.5510204081632653,1.0,0.0
0.9285714285714286,0.5612244897959183,1.0,0.0
0.9285714285714286,0.5714285714285714,0.9957,0.004079338181617213
0.9285714285714286,0.5816326530612245,0.9047499999999999,0.010476461711856727
0.9285714285714286,0.5918367346938775,0.81555,0.007469086289500208
0.9285714285714286,0.6020408163265306,0.7264499999999999,0.00598391594192298
0.9285714285714286,0.6122448979591837,0.67725,0.0056148241290355635
0.9285714285714286,0.6224489795918368,0.6332000000000001,0.005877159177698011
0.9285714285714286,0.6326530612244898,0.58185,0.005968689135815334
0.9285714285714286,0.6428571428571428,0.5604,0.004463630809105963
0.9285714285714286,0.653061224489796,0.5227999999999999,0.005611238722421283
0.9285714285714286,0.6632653061224489,0.48954999999999993,0.004907876322810096
0.9285714285714286,0.6734693877551021,0.46814999999999996,0.003625637874912492
0.9285714285714286,0.6836734693877551,0.44350000000000006,0.004363484845854289
0.9285714285714286,0.6938775510204082,0.41574999999999995,0.0027859020083269236
0.9285714285714286,0.7040816326530612,0.40335,0.004774437139600853
0.9285714285714286,0.7142857142857143,0.39480000000000004,0.0036893088783673303
0.9285714285714286,0.7244897959183674,0.38055000000000005,0.004283369001148516
0.9285714285714286,0.7346938775510204,0.3652,0.003398676212880541
0.9285714285714286,0.7448979591836735,0.3542,0.003353505628443167
0.9285714285714286,0.7551020408163265,0.3355,0.0032202484376209228
0.9285714285714286,0.7653061224489797,0.32889999999999997,0.003254842546114941
0.9285714285714286,0.7755102040816326,0.31980000000000003,0.002958208917571579
0.9285714285714286,0.7857142857142857,0.30645,0.0018979594305463976
0.9285714285714286,0.7959183673469388,0.30119999999999997,0.002377183207075132
0.9285714285714286,0.8061224489795918,0.29385000000000006,0.0022957025068592817
0.9285714285714286,0.8163265306122449,0.29009999999999997,0.0024584547992590813
0.9285714285714286,0.826530612244898,0.28025,0.0035897423305858546
0.9285714285714286,0.8367346938775511,0.27335000000000004,0.0020821263170134477
0.9285714285714286,0.8469387755102041,0.2669,0.0029679959568705604
0.9285714285714286,0.8571428571428572,0.26485,0.0026495754376880854
0.9285714285714286,0.8673469387755102,0.26130000000000003,0.002733313008054513
0.9285714285714286,0.8775510204081634,0.255,0.002353720459187966
0.9285714285714286,0.8877551020408163,0.2496,0.0033330166516235735
0.9285714285714286,0.8979591836734695,0.24495,0.0018295491247845754
0.9285714285714286,0.9081632653061225,0.23805,0.0020765957719305872
0.9285714285714286,0.9183673469387755,0.23499999999999996,0.0016186414056238623
0.9285714285714286,0.9285714285714286,0.23220000000000002,0.002353932879246983
0.9387755102040816,0.5,1.0,0.0
0.9387755102040816,0.5102040816326531,1.0,0.0
0.9387755102040816,0.5204081632653061,1.0,0.0
0.9387755102040816,0.5306122448979592,1.0,0.0
0.9387755102040816,0.5408163265306123,1.0,0.0
0.9387755102040816,0.5510204081632653,1.0,0.0
0.9387755102040816,0.5612244897959183,1.0,0.0
0.9387755102040816,0.5714285714285714,0.9987,0.0008099382692526584
0.9387755102040816,0.5816326530612245,0.9427499999999999,0.013990219798130412
0.9387755102040816,0.5918367346938775,0.8210999999999998,0.009679824378572167
0.9387755102040816,0.6020408163265306,0.7474000000000001,0.008023340950003312
0.9387755102040816,0.6122448979591837,0.6930499999999999,0.007687798774681864
0.9387755102040816,0.6224489795918368,0.6372500000000001,0.004264533972194381
0.9387755102040816,0.6326530612244898,0.6020000000000001,0.007636098480245
0.9387755102040816,0.6428571428571428,0.5654,0.008151012207082016
0.9387755102040816,0.6530612244897959,0.5259,0.003371794774300476
0.9387755102040816,0.6632653061224489,0.5003,0.005905167228792087
0.9387755102040816,0.673469387755102,0.46835000000000004,0.0061818484290703845
0.9387755102040816,0.6836734693877551,0.4511,0.004287073593956605
0.9387755102040816,0.6938775510204082,0.42905,0.0038977236946710356
0.9387755102040816,0.7040816326530612,0.4190499999999999,0.0042109678222470425
0.9387755102040816,0.7142857142857142,0.3999499999999999,0.003142809252881881
0.9387755102040816,0.7244897959183674,0.3918,0.003573653592613584
0.9387755102040816,0.7346938775510203,0.37685,0.003234230975054196
0.9387755102040816,0.7448979591836734,0.36724999999999997,0.0036450308640668633
0.9387755102040816,0.7551020408163265,0.3508,0.002778668746000498
0.9387755102040816,0.7653061224489796,0.33775,0.0036940831068074226
0.9387755102040816,0.7755102040816326,0.33135000000000003,0.0018000694431049057
0.9387755102040816,0.7857142857142857,0.3214,0.00331119313843213
0.9387755102040816,0.7959183673469388,0.31415,0.0030773771299598645
0.9387755102040816,0.8061224489795917,0.31055,0.002916719047148699
0.9387755102040816,0.8163265306122448,0.29925,0.0024497448846767717
0.9387755102040816,0.8265306122448979,0.29485,0.0028670978357914455
0.9387755102040816,0.8367346938775511,0.28159999999999996,0.0020221275924134897
0.9387755102040816,0.846938775510204,0.28315,0.0019596555819837267
0.9387755102040816,0.8571428571428571,0.27480000000000004,0.0020569394740730723
0.9387755102040816,0.8673469387755102,0.26839999999999997,0.0012425779653607262
0.9387755102040816,0.8775510204081631,0.26464999999999994,0.002577838241628053
0.9387755102040816,0.8877551020408163,0.2571,0.0015744840424723283
0.9387755102040816,0.8979591836734693,0.25055,0.0023307187732542955
0.9387755102040816,0.9081632653061225,0.24839999999999995,0.0015965587994183003
0.9387755102040816,0.9183673469387754,0.24539999999999998,0.0022724436186625195
0.9387755102040816,0.9285714285714285,0.24569999999999997,0.002082306413571261
0.9387755102040816,0.9387755102040816,0.23895,0.0016468910103586078
0.9489795918367347,0.5,1.0,0.0
0.9489795918367347,0.5102040816326531,1.0,0.0
0.9489795918367347,0.5204081632653061,1.0,0.0
0.9489795918367347,0.5306122448979592,1.0,0.0
0.9489795918367347,0.5408163265306123,1.0,0.0
0.9489795918367347,0.5510204081632653,1.0,0.0
0.9489795918367347,0.5612244897959183,1.0,0.0
0.9489795918367347,0.5714285714285714,1.0,0.0
0.9489795918367347,0.5816326530612245,0.9542000000000002,0.00950268383142362
0.9489795918367347,0.5918367346938775,0.8124500000000001,0.005644665623400558
0.9489795918367347,0.6020408163265306,0.75785,0.007284246700929337
0.9489795918367347,0.6122448979591837,0.7059499999999999,0.005050965254285562
0.9489795918367347,0.6224489795918368,0.6473500000000001,0.0052716458530519626
0.9489795918367347,0.6326530612244898,0.5983500000000002,0.0023000543471839983
0.9489795918367347,0.6428571428571429,0.5708,0.005743343973679443
0.9489795918367347,0.653061224489796,0.5378499999999999,0.005616960922064526
0.9489795918367347,0.6632653061224489,0.5094999999999998,0.00267114207783862
0.9489795918367347,0.6734693877551021,0.4885999999999999,0.004434410896612984
0.9489795918367347,0.6836734693877551,0.45380000000000004,0.0024659683696268307
0.9489795918367347,0.6938775510204082,0.437,0.003477786652455843
0.9489795918367347,0.7040816326530612,0.42654999999999993,0.0032973095092817743
0.9489795918367347,0.7142857142857143,0.404,0.002561249694973134
0.9489795918367347,0.7244897959183674,0.39470000000000005,0.004835390366868017
0.9489795918367347,0.7346938775510204,0.3841,0.003362885665615175
0.9489795918367347,0.7448979591836735,0.36255,0.003554187670903159
0.9489795918367347,0.7551020408163266,0.36754999999999993,0.0032752480822069063
0.9489795918367347,0.7653061224489797,0.34114999999999995,0.003165477847024043
0.9489795918367347,0.7755102040816326,0.3410000000000001,0.003310589071449365
0.9489795918367347,0.7857142857142858,0.3335,0.0026953663943887077
0.9489795918367347,0.7959183673469388,0.326,0.0024207436873820427
0.9489795918367347,0.8061224489795918,0.3134,0.0026690822392725203
0.9489795918367347,0.8163265306122449,0.3048,0.002292596780945138
0.9489795918367347,0.826530612244898,0.30179999999999996,0.0023358082113050307
0.9489795918367347,0.8367346938775511,0.2953,0.003058757917848353
0.9489795918367347,0.8469387755102041,0.28964999999999996,0.001677870674396571
0.9489795918367347,0.8571428571428572,0.27955,0.0023942117700821663
0.9489795918367347,0.8673469387755103,0.27865,0.002127263500368485
0.9489795918367347,0.8775510204081634,0.27240000000000003,0.0020270668464557337
0.9489795918367347,0.8877551020408163,0.26995,0.0020777993165847354
0.9489795918367347,0.8979591836734695,0.26539999999999997,0.0017432727841620213
0.9489795918367347,0.9081632653061225,0.25815,0.0015150082508026167
0.9489795918367347,0.9183673469387755,0.25705,0.0022588160615685396
0.9489795918367347,0.9285714285714286,0.25190000000000007,0.0009455157322858258
0.9489795918367347,0.9387755102040817,0.24609999999999999,0.0015326447729333773
0.9489795918367347,0.9489795918367347,0.24450000000000002,0.0011874342087037925
0.9591836734693877,0.5,1.0,0.0
0.9591836734693877,0.5102040816326531,1.0,0.0
0.9591836734693877,0.5204081632653061,1.0,0.0
0.9591836734693877,0.5306122448979592,1.0,0.0
0.9591836734693877,0.5408163265306123,1.0,0.0
0.9591836734693877,0.5510204081632653,1.0,0.0
0.9591836734693877,0.5612244897959183,1.0,0.0
0.9591836734693877,0.5714285714285714,0.9953,0.0037357730123764197
0.9591836734693877,0.5816326530612245,0.9544500000000001,0.00887537323158863
0.9591836734693877,0.5918367346938775,0.8575000000000002,0.007663223864666879
0.9591836734693877,0.6020408163265306,0.76305,0.009626383017520133
0.9591836734693877,0.6122448979591837,0.6984,0.007364034220452809
0.9591836734693877,0.6224489795918368,0.6553500000000001,0.009599231740092534
0.9591836734693877,0.6326530612244898,0.6219500000000001,0.0033848559792109337
0.9591836734693877,0.6428571428571428,0.5810500000000001,0.004607303983893401
0.9591836734693877,0.6530612244897959,0.54225,0.0038763707253047985
0.9591836734693877,0.6632653061224489,0.517,0.003522782990761707
0.9591836734693877,0.673469387755102,0.4924999999999999,0.003846426913383379
0.9591836734693877,0.6836734693877551,0.4688500000000001,0.0035171366194676
0.9591836734693877,0.6938775510204082,0.4566,0.003997374138106162
0.9591836734693877,0.7040816326530612,0.42469999999999997,0.005120156247615889
0.9591836734693877,0.7142857142857143,0.41814999999999997,0.002407332548693677
0.9591836734693877,0.7244897959183674,0.40639999999999993,0.0034733269353747816
0.9591836734693877,0.7346938775510203,0.3935,0.002280350850198278
0.9591836734693877,0.7448979591836734,0.37600000000000006,0.004155718951036033
0.9591836734693877,0.7551020408163265,0.37085,0.00214831329186411
0.9591836734693877,0.7653061224489796,0.35705,0.003080949528960187
0.9591836734693877,0.7755102040816326,0.3451000000000001,0.0022746428291052596
0.9591836734693877,0.7857142857142857,0.33855,0.0028926199197267482
0.9591836734693877,0.7959183673469388,0.3294500000000001,0.0020790021645010395
0.9591836734693877,0.8061224489795917,0.32275,0.002905382935173953
0.9591836734693877,0.8163265306122449,0.31485,0.00219892018954759
0.9591836734693877,0.8265306122448979,0.31174999999999997,0.0025152037690811474
0.9591836734693877,0.836734693877551,0.3076500000000001,0.002492037319142715
0.9591836734693877,0.846938775510204,0.29764999999999997,0.0016644068012358047
0.9591836734693877,0.8571428571428571,0.2934,0.0023799159649029646
0.9591836734693877,0.8673469387755102,0.2869499999999999,0.001495743962046979
0.9591836734693877,0.8775510204081631,0.28054999999999997,0.0015385870141139176
0.9591836734693877,0.8877551020408163,0.2797,0.002271783440383344
0.9591836734693877,0.8979591836734694,0.27054999999999996,0.0015337046651816653
0.9591836734693877,0.9081632653061225,0.26880000000000004,0.0011730302638892152
0.9591836734693877,0.9183673469387754,0.26580000000000004,0.0010959014554237994
0.9591836734693877,0.9285714285714286,0.26195,0.0010664192421369757
0.9591836734693877,0.9387755102040816,0.25620000000000004,0.0016525737502453574
0.9591836734693877,0.9489795918367346,0.2516,0.0010242070103255504
0.9591836734693877,0.9591836734693877,0.24945000000000003,0.0017950626730005852
0.9693877551020409,0.5,1.0,0.0
0.9693877551020409,0.5102040816326531,1.0,0.0
0.9693877551020409,0.5204081632653061,1.0,0.0
0.9693877551020409,0.5306122448979592,1.0,0.0
0.9693877551020409,0.5408163265306123,1.0,0.0
0.9693877551020409,0.5510204081632654,1.0,0.0
0.9693877551020409,0.5612244897959183,1.0,0.0
0.9693877551020409,0.5714285714285714,0.9993500000000001,0.0006166441437328294
0.9693877551020409,0.5816326530612245,0.9570000000000001,0.008883692925805122
0.9693877551020409,0.5918367346938775,0.857,0.010684568311354463
0.9693877551020409,0.6020408163265306,0.7658999999999999,0.005659416931098117
0.9693877551020409,0.6122448979591837,0.7152999999999999,0.006476959163064098
0.9693877551020409,0.6224489795918368,0.66515,0.007824976038301972
0.9693877551020409,0.6326530612244898,0.6155,0.007436733153744318
0.9693877551020409,0.6428571428571429,0.5863499999999999,0.004972951839702453
0.9693877551020409,0.653061224489796,0.55115,0.005896206407513227
0.9693877551020409,0.6632653061224489,0.52125,0.004699601046897495
0.9693877551020409,0.6734693877551021,0.50155,0.003942366040844001
0.9693877551020409,0.6836734693877551,0.48149999999999993,0.0019183326093250895
0.9693877551020409,0.6938775510204082,0.4585,0.003227227912620985
0.9693877551020409,0.7040816326530612,0.44335,0.0026674425954460596
0.9693877551020409,0.7142857142857143,0.42680000000000007,0.0036886311824306855
0.9693877551020409,0.7244897959183674,0.4104500000000001,0.003453585093782978
0.9693877551020409,0.7346938775510204,0.39254999999999995,0.0017570571988412913
0.9693877551020409,0.7448979591836735,0.39305,0.0023942117700821693
0.9693877551020409,0.7551020408163265,0.3787,0.00320484008961446
0.9693877551020409,0.7653061224489797,0.36445000000000005,0.003310928872688149
0.9693877551020409,0.7755102040816327,0.35209999999999997,0.0017432727841620176
0.9693877551020409,0.7857142857142858,0.3473,0.0028872131892189686
0.9693877551020409,0.7959183673469388,0.33640000000000003,0.002165409891914229
0.9693877551020409,0.806122448979592,0.3327,0.0035561214827393036
0.9693877551020409,0.8163265306122449,0.32439999999999997,0.0018395651660107087
0.9693877551020409,0.826530612244898,0.3203,0.0015136049682793738
0.9693877551020409,0.8367346938775511,0.31215000000000004,0.0023281430368428846
0.9693877551020409,0.8469387755102041,0.30524999999999997,0.00274248974473926
0.9693877551020409,0.8571428571428572,0.3023,0.0015798734126505215
0.9693877551020409,0.8673469387755103,0.29755,0.002369018784222702
0.9693877551020409,0.8775510204081634,0.2892,0.00143909693905588
0.9693877551020409,0.8877551020408163,0.2854,0.0013870832707519717
0.9693877551020409,0.8979591836734695,0.2797,0.0024456083087853586
0.9693877551020409,0.9081632653061225,0.27855,0.0016053815745796964
0.9693877551020409,0.9183673469387756,0.27355,0.0012578751925370031
0.9693877551020409,0.9285714285714286,0.26789999999999997,0.0018665476152512168
0.9693877551020409,0.9387755102040818,0.2636,0.0010995453605922778
0.9693877551020409,0.9489795918367347,0.26205,0.0013774069841553742
0.9693877551020409,0.9591836734693878,0.25949999999999995,0.0008124038404635969
0.9693877551020409,0.9693877551020409,0.25470000000000004,0.0012210651088291739
0.9795918367346939,0.5,1.0,0.0
0.9795918367346939,0.5102040816326531,1.0,0.0
0.9795918367346939,0.5204081632653061,1.0,0.0
0.9795918367346939,0.5306122448979592,1.0,0.0
0.9795918367346939,0.5408163265306123,1.0,0.0
0.9795918367346939,0.5510204081632653,1.0,0.0
0.9795918367346939,0.5612244897959183,1.0,0.0
0.9795918367346939,0.5714285714285714,1.0,0.0
0.9795918367346939,0.5816326530612245,0.9497,0.011790504654169812
0.9795918367346939,0.5918367346938775,0.8545499999999999,0.005405298326642115
0.9795918367346939,0.6020408163265306,0.7837500000000001,0.00930275496828762
0.9795918367346939,0.6122448979591837,0.7147499999999999,0.003456334763879222
0.9795918367346939,0.6224489795918368,0.68265,0.004482772579553858
0.9795918367346939,0.6326530612244898,0.6267,0.003788931247726723
0.9795918367346939,0.6428571428571428,0.60295,0.005585002238137421
0.9795918367346939,0.653061224489796,0.5568500000000001,0.0029112282631219323
0.9795918367346939,0.6632653061224489,0.53365,0.00808518707266566
0.9795918367346939,0.673469387755102,0.50485,0.004652982914217502
0.9795918367346939,0.6836734693877551,0.48914999999999986,0.002062825731854243
0.9795918367346939,0.6938775510204082,0.4749999999999999,0.0033719430600174694
0.9795918367346939,0.7040816326530612,0.4484500000000001,0.0030277466868944
0.9795918367346939,0.7142857142857143,0.43565,0.004210730340451645
0.9795918367346939,0.7244897959183674,0.4231999999999999,0.0032635869836730286
0.9795918367346939,0.7346938775510203,0.40745,0.004661786138380865
0.9795918367346939,0.7448979591836734,0.39775,0.001934231113388469
0.9795918367346939,0.7551020408163265,0.38554999999999995,0.0031332491123432908
0.9795918367346939,0.7653061224489797,0.3743,0.0028889444439102693
0.9795918367346939,0.7755102040816326,0.36415,0.002644853493106946
0.9795918367346939,0.7857142857142857,0.3587,0.0016855266239368648
0.9795918367346939,0.7959183673469388,0.34409999999999996,0.001487951612116464
0.9795918367346939,0.8061224489795918,0.33730000000000004,0.001267280552995269
0.9795918367346939,0.8163265306122449,0.3365000000000001,0.002678619047195771
0.9795918367346939,0.8265306122448979,0.32575000000000004,0.002870757739691738
0.9795918367346939,0.8367346938775511,0.3186,0.002551274191458066
0.9795918367346939,0.846938775510204,0.31304999999999994,0.0013755907821732462
0.9795918367346939,0.8571428571428571,0.30799999999999994,0.0016822603841260737
0.9795918367346939,0.8673469387755102,0.3037,0.0017337819932159882
0.9795918367346939,0.8775510204081632,0.29910000000000003,0.00130345694213503
0.9795918367346939,0.8877551020408163,0.29285000000000005,0.001749357024737944
0.9795918367346939,0.8979591836734693,0.28925,0.0015560366319595413
0.9795918367346939,0.9081632653061225,0.28429999999999994,0.00110950439386241
0.9795918367346939,0.9183673469387755,0.28135000000000004,0.0012470966281728074
0.9795918367346939,0.9285714285714286,0.27775000000000005,0.00146500853239836
0.9795918367346939,0.9387755102040816,0.27155,0.0006762026323521677
0.9795918367346939,0.9489795918367347,0.26885000000000003,0.000579007771968564
0.9795918367346939,0.9591836734693877,0.26670000000000005,0.0008252272414311111
0.9795918367346939,0.9693877551020408,0.26254999999999995,0.0009095328471253809
0.9795918367346939,0.9795918367346939,0.25884999999999997,0.0008094751385929039
0.9897959183673469,0.5,1.0,0.0
0.9897959183673469,0.5102040816326531,1.0,0.0
0.9897959183673469,0.5204081632653061,1.0,0.0
0.9897959183673469,0.5306122448979592,1.0,0.0
0.9897959183673469,0.5408163265306123,1.0,0.0
0.9897959183673469,0.5510204081632653,1.0,0.0
0.9897959183673469,0.5612244897959183,1.0,0.0
0.9897959183673469,0.5714285714285714,1.0,0.0
0.9897959183673469,0.5816326530612245,0.97355,0.011047047116763827
0.9897959183673469,0.5918367346938775,0.8855000000000001,0.006754628043053143
0.9897959183673469,0.6020408163265306,0.805,0.007992183681572892
0.9897959183673469,0.6122448979591837,0.7276,0.004544117075956561
0.9897959183673469,0.6224489795918368,0.67445,0.009922562673019506
0.9897959183673469,0.6326530612244898,0.631,0.003683748091278768
0.9897959183673469,0.6428571428571428,0.5987,0.004749315740188263
0.9897959183673469,0.653061224489796,0.57195,0.004249382308053721
0.9897959183673469,0.6632653061224489,0.54525,0.0033032181278262614
0.9897959183673469,0.673469387755102,0.51865,0.002416660919533399
0.9897959183673469,0.6836734693877551,0.4950999999999999,0.00319593491798566
0.9897959183673469,0.6938775510204082,0.47545000000000004,0.0018350068119764532
0.9897959183673469,0.7040816326530612,0.4577,0.004224452627264269
0.9897959183673469,0.7142857142857143,0.43765,0.003595865681584898
0.9897959183673469,0.7244897959183674,0.43155,0.002679039006808227
0.9897959183673469,0.7346938775510204,0.41145,0.002230975123124414
0.9897959183673469,0.7448979591836735,0.40545,0.0026809046980450406
0.9897959183673469,0.7551020408163265,0.39,0.0021011901389450713
0.9897959183673469,0.7653061224489796,0.38020000000000004,0.0028898096823147396
0.9897959183673469,0.7755102040816326,0.3755,0.00435373402954292
0.9897959183673469,0.7857142857142857,0.36574999999999996,0.0028312982887714272
0.9897959183673469,0.7959183673469388,0.35900000000000004,0.0025228951623085714
0.9897959183673469,0.8061224489795918,0.35065,0.00248701628462702
0.9897959183673469,0.8163265306122449,0.34095,0.001691818548190079
0.9897959183673469,0.8265306122448979,0.33105,0.0021171324946729214
0.9897959183673469,0.8367346938775511,0.32859999999999995,0.0018891797161731346
0.9897959183673469,0.846938775510204,0.32215,0.001943000257334004
0.9897959183673469,0.8571428571428571,0.3171999999999999,0.0020213856633507638
0.9897959183673469,0.8673469387755102,0.312,0.0016733200530681526
0.9897959183673469,0.8775510204081634,0.30589999999999995,0.0018176908428002836
0.9897959183673469,0.8877551020408163,0.30304999999999993,0.0016316402789830866
0.9897959183673469,0.8979591836734694,0.29714999999999997,0.001724891300923048
0.9897959183673469,0.9081632653061225,0.2939,0.0014261837188805665
0.9897959183673469,0.9183673469387754,0.28979999999999995,0.001129601699715436
0.9897959183673469,0.9285714285714286,0.2854,0.0008596510920134951
0.9897959183673469,0.9387755102040816,0.2813,0.0009332738076256011
0.9897959183673469,0.9489795918367347,0.27625,0.0009144670579085913
0.9897959183673469,0.9591836734693877,0.27435000000000004,0.0008338165265812385
0.9897959183673469,0.9693877551020409,0.26975,0.0013860916275629121
0.9897959183673469,0.9795918367346939,0.26855,0.0010159970472398046
0.9897959183673469,0.9897959183673469,0.26505,0.0010354950506883177
1.0,0.5,1.0,0.0
1.0,0.5102040816326531,1.0,0.0
1.0,0.5204081632653061,1.0,0.0
1.0,0.5306122448979592,1.0,0.0
1.0,0.5408163265306123,1.0,0.0
1.0,0.5510204081632653,1.0,0.0
1.0,0.5612244897959183,1.0,0.0
1.0,0.5714285714285714,1.0,0.0
1.0,0.5816326530612245,0.9824999999999999,0.007070007072132254
1.0,0.5918367346938775,0.8702499999999999,0.007576031282934359
1.0,0.6020408163265306,0.80855,0.006275129480735836
1.0,0.6122448979591837,0.73205,0.0068459659654427135
1.0,0.6224489795918368,0.6869500000000002,0.004464554849030302
1.0,0.6326530612244898,0.6406,0.005007893768841348
1.0,0.6428571428571428,0.61425,0.005588045275407132
1.0,0.653061224489796,0.5794499999999999,0.003860990805479855
1.0,0.6632653061224489,0.5465,0.004250294107470676
1.0,0.673469387755102,0.53345,0.004562592464816467
1.0,0.6836734693877551,0.51015,0.005458044521621277
1.0,0.6938775510204082,0.48360000000000003,0.003462513537879672
1.0,0.7040816326530612,0.46320000000000006,0.004154635964798838
1.0,0.7142857142857143,0.4521,0.003066594202042392
1.0,0.7244897959183674,0.4412,0.0020811054754625025
1.0,0.7346938775510204,0.41715,0.003250423049389107
1.0,0.7448979591836735,0.4117,0.00214848784031932
1.0,0.7551020408163265,0.39970000000000006,0.0028733255993708736
1.0,0.7653061224489797,0.38705000000000006,0.0028464451514125496
1.0,0.7755102040816326,0.3829,0.002535547278202481
1.0,0.7857142857142857,0.3702,0.0019367498547824926
1.0,0.7959183673469388,0.36235,0.0016248846112878307
1.0,0.8061224489795918,0.34964999999999996,0.0015764675702341598
1.0,0.8163265306122449,0.34714999999999996,0.0018520934101713083
1.0,0.8265306122448979,0.3423,0.0016373759494996822
1.0,0.8367346938775511,0.3416,0.0025226969695149623
1.0,0.846938775510204,0.3287,0.0014425671561490658
1.0,0.8571428571428572,0.32189999999999996,0.0015112908389850062
1.0,0.8673469387755102,0.3175,0.0013266499161421609
1.0,0.8775510204081632,0.31465,0.0010794674612974687
1.0,0.8877551020408163,0.30945,0.0014096985493359932
1.0,0.8979591836734694,0.30369999999999997,0.0016795832816505422
1.0,0.9081632653061225,0.30129999999999996,0.0008921883209278193
1.0,0.9183673469387755,0.2961,0.001064894360957932
1.0,0.9285714285714286,0.2945,0.0012186057606953951
1.0,0.9387755102040816,0.28874999999999995,0.0012908330643425596
1.0,0.9489795918367347,0.28574999999999995,0.0007044501401802691
1.0,0.9591836734693877,0.2812,0.0006862943974709327
1.0,0.9693877551020409,0.27854999999999996,0.0005359570878344619
1.0,0.9795918367346939,0.27590000000000003,0.0006587867636800248
1.0,0.9897959183673469,0.2721,0.0002529822128134705
1.0,1.0,0.27,0.0
