#Time elapsed: 12257.453575611115
#alpha: 0.27, px1: 0.25, px2: 0.25, T max: 2000, n realizations: 10, n nodes: 1000, p: 0.2, ns: 50
#s1_s2_x_errx
0.5,nan,0.3413,0.0023067292862405807
0.5102040816326531,0.5,1.0,0.0
0.5102040816326531,0.5102040816326531,0.0,0.0
0.5204081632653061,0.5,1.0,0.0
0.5204081632653061,0.5102040816326531,0.0,0.0
0.5204081632653061,0.5204081632653061,0.0,0.0
0.5306122448979592,0.5,1.0,0.0
0.5306122448979592,0.5102040816326531,0.9562000000000002,0.03550149292635451
0.5306122448979592,0.5204081632653061,0.0,0.0
0.5306122448979592,0.5306122448979592,0.0,0.0
0.5408163265306123,0.5,1.0,0.0
0.5408163265306123,0.5102040816326531,1.0,0.0
0.5408163265306123,0.5204081632653061,0.0,0.0
0.5408163265306123,0.5306122448979592,0.0,0.0
0.5408163265306123,0.5408163265306123,0.0,0.0
0.5510204081632653,0.5,1.0,0.0
0.5510204081632653,0.5102040816326531,1.0,0.0
0.5510204081632653,0.5204081632653061,0.10699999999999998,0.059087900622716315
0.5510204081632653,0.5306122448979591,0.0,0.0
0.5510204081632653,0.5408163265306122,0.0,0.0
0.5510204081632653,0.5510204081632653,0.0,0.0
0.5612244897959183,0.5,1.0,0.0
0.5612244897959183,0.5102040816326531,1.0,0.0
0.5612244897959183,0.5204081632653061,0.9994999999999999,0.0004743416490252573
0.5612244897959183,0.5306122448979591,0.0,0.0
0.5612244897959183,0.5408163265306122,0.0,0.0
0.5612244897959183,0.5510204081632653,0.0,0.0
0.5612244897959183,0.5612244897959183,0.0,0.0
0.5714285714285714,0.5,1.0,0.0
0.5714285714285714,0.5102040816326531,1.0,0.0
0.5714285714285714,0.5204081632653061,1.0,0.0
0.5714285714285714,0.5306122448979592,0.0261,0.014394755989595656
0.5714285714285714,0.5408163265306122,0.0,0.0
0.5714285714285714,0.5510204081632653,0.0,0.0
0.5714285714285714,0.5612244897959183,0.0,0.0
0.5714285714285714,0.5714285714285714,0.0,0.0
0.5816326530612245,0.5,1.0,0.0
0.5816326530612245,0.5102040816326531,1.0,0.0
0.5816326530612245,0.5204081632653061,1.0,0.0
0.5816326530612245,0.5306122448979592,0.41050000000000003,0.05050747469434598
0.5816326530612245,0.5408163265306123,0.0,0.0
0.5816326530612245,0.5510204081632653,0.0,0.0
0.5816326530612245,0.5612244897959183,0.0,0.0
0.5816326530612245,0.5714285714285714,0.0,0.0
0.5816326530612245,0.5816326530612245,0.0,0.0
0.5918367346938775,0.5,1.0,0.0
0.5918367346938775,0.5102040816326531,1.0,0.0
0.5918367346938775,0.5204081632653061,1.0,0.0
0.5918367346938775,0.5306122448979592,0.7935,0.039477145286861866
0.5918367346938775,0.5408163265306123,0.0021999999999999997,0.00208710325571113
0.5918367346938775,0.5510204081632653,0.0,0.0
0.5918367346938775,0.5612244897959183,0.0,0.0
0.5918367346938775,0.5714285714285714,0.0,0.0
0.5918367346938775,0.5816326530612245,0.0,0.0
0.5918367346938775,0.5918367346938775,0.0,0.0
0.6020408163265306,0.5,1.0,0.0
0.6020408163265306,0.5102040816326531,1.0,0.0
0.6020408163265306,0.5204081632653061,1.0,0.0
0.6020408163265306,0.5306122448979592,1.0,0.0
0.6020408163265306,0.5408163265306123,0.37029999999999996,0.01976211021120973
0.6020408163265306,0.5510204081632653,0.0,0.0
0.6020408163265306,0.5612244897959183,0.0,0.0
0.6020408163265306,0.5714285714285714,0.0,0.0
0.6020408163265306,0.5816326530612245,0.0,0.0
0.6020408163265306,0.5918367346938775,0.0,0.0
0.6020408163265306,0.6020408163265306,0.0,0.0
0.6122448979591837,0.5,1.0,0.0
0.6122448979591837,0.5102040816326531,1.0,0.0
0.6122448979591837,0.5204081632653061,1.0,0.0
0.6122448979591837,0.5306122448979592,1.0,0.0
0.6122448979591837,0.5408163265306123,0.5573,0.05964059858854537
0.6122448979591837,0.5510204081632653,0.0748,0.029715921658262597
0.6122448979591837,0.5612244897959183,0.0,0.0
0.6122448979591837,0.5714285714285714,0.0,0.0
0.6122448979591837,0.5816326530612245,0.0,0.0
0.6122448979591837,0.5918367346938775,0.0,0.0
0.6122448979591837,0.6020408163265306,0.0,0.0
0.6122448979591837,0.6122448979591837,0.0,0.0
0.6224489795918368,0.5,1.0,0.0
0.6224489795918368,0.5102040816326531,1.0,0.0
0.6224489795918368,0.5204081632653061,1.0,0.0
0.6224489795918368,0.5306122448979592,1.0,0.0
0.6224489795918368,0.5408163265306123,0.6716,0.0322090670464079
0.6224489795918368,0.5510204081632654,0.3357,0.025003619737949945
0.6224489795918368,0.5612244897959184,0.0,0.0
0.6224489795918368,0.5714285714285714,0.0,0.0
0.6224489795918368,0.5816326530612245,0.0,0.0
0.6224489795918368,0.5918367346938775,0.0,0.0
0.6224489795918368,0.6020408163265306,0.0,0.0
0.6224489795918368,0.6122448979591837,0.0,0.0
0.6224489795918368,0.6224489795918368,0.0,0.0
0.6326530612244898,0.5,1.0,0.0
0.6326530612244898,0.5102040816326531,1.0,0.0
0.6326530612244898,0.5204081632653061,1.0,0.0
0.6326530612244898,0.5306122448979592,1.0,0.0
0.6326530612244898,0.5408163265306123,0.9114999999999999,0.03571617280728717
0.6326530612244898,0.5510204081632654,0.44350000000000006,0.012243569740888478
0.6326530612244898,0.5612244897959184,0.12819999999999998,0.03520249991122789
0.6326530612244898,0.5714285714285714,0.0,0.0
0.6326530612244898,0.5816326530612245,0.0,0.0
0.6326530612244898,0.5918367346938775,0.0,0.0
0.6326530612244898,0.6020408163265306,0.0,0.0
0.6326530612244898,0.6122448979591837,0.0,0.0
0.6326530612244898,0.6224489795918368,0.0,0.0
0.6326530612244898,0.6326530612244898,0.0,0.0
0.6428571428571428,0.5,1.0,0.0
0.6428571428571428,0.5102040816326531,1.0,0.0
0.6428571428571428,0.5204081632653061,1.0,0.0
0.6428571428571428,0.5306122448979592,1.0,0.0
0.6428571428571428,0.5408163265306122,0.9826,0.011062730223593085
0.6428571428571428,0.5510204081632653,0.5729,0.030933945755431846
0.6428571428571428,0.5612244897959183,0.3097,0.019981015990184283
0.6428571428571428,0.5714285714285714,0.0623,0.02321639506900242
0.6428571428571428,0.5816326530612245,0.0,0.0
0.6428571428571428,0.5918367346938775,0.0,0.0
0.6428571428571428,0.6020408163265306,0.0,0.0
0.6428571428571428,0.6122448979591836,0.0,0.0
0.6428571428571428,0.6224489795918366,0.0,0.0
0.6428571428571428,0.6326530612244897,0.0,0.0
0.6428571428571428,0.6428571428571428,0.0,0.0
0.653061224489796,0.5,1.0,0.0
0.653061224489796,0.5102040816326531,1.0,0.0
0.653061224489796,0.5204081632653061,1.0,0.0
0.653061224489796,0.5306122448979592,1.0,0.0
0.653061224489796,0.5408163265306123,1.0,0.0
0.653061224489796,0.5510204081632654,0.627,0.020582030997936037
0.653061224489796,0.5612244897959184,0.43660000000000004,0.022161768882469644
0.653061224489796,0.5714285714285714,0.269,0.015778466338652816
0.653061224489796,0.5816326530612246,0.05600000000000001,0.026859262834262595
0.653061224489796,0.5918367346938775,0.0,0.0
0.653061224489796,0.6020408163265306,0.0,0.0
0.653061224489796,0.6122448979591837,0.0,0.0
0.653061224489796,0.6224489795918368,0.0,0.0
0.653061224489796,0.6326530612244898,0.0,0.0
0.653061224489796,0.6428571428571429,0.0,0.0
0.653061224489796,0.653061224489796,0.0,0.0
0.6632653061224489,0.5,1.0,0.0
0.6632653061224489,0.5102040816326531,1.0,0.0
0.6632653061224489,0.5204081632653061,1.0,0.0
0.6632653061224489,0.5306122448979592,1.0,0.0
0.6632653061224489,0.5408163265306123,1.0,0.0
0.6632653061224489,0.5510204081632653,0.6979,0.025301561216652224
0.6632653061224489,0.5612244897959183,0.5095999999999999,0.01877935036150079
0.6632653061224489,0.5714285714285714,0.2892,0.01501452629955404
0.6632653061224489,0.5816326530612245,0.1912,0.021661394230289056
0.6632653061224489,0.5918367346938775,0.0,0.0
0.6632653061224489,0.6020408163265306,0.0,0.0
0.6632653061224489,0.6122448979591837,0.0,0.0
0.6632653061224489,0.6224489795918366,0.0,0.0
0.6632653061224489,0.6326530612244898,0.0,0.0
0.6632653061224489,0.6428571428571428,0.0,0.0
0.6632653061224489,0.6530612244897959,0.0,0.0
0.6632653061224489,0.6632653061224489,0.0,0.0
0.673469387755102,0.5,1.0,0.0
0.673469387755102,0.5102040816326531,1.0,0.0
0.673469387755102,0.5204081632653061,1.0,0.0
0.673469387755102,0.5306122448979592,1.0,0.0
0.673469387755102,0.5408163265306123,1.0,0.0
0.673469387755102,0.5510204081632653,0.7577,0.03402588720371594
0.673469387755102,0.5612244897959183,0.5896,0.020435850850894364
0.673469387755102,0.5714285714285714,0.39280000000000004,0.02066436546328002
0.673469387755102,0.5816326530612245,0.29619999999999996,0.015150445538003165
0.673469387755102,0.5918367346938775,0.1679,0.018479420986600204
0.673469387755102,0.6020408163265306,0.013600000000000001,0.00825857130501396
0.673469387755102,0.6122448979591837,0.0,0.0
0.673469387755102,0.6224489795918368,0.0,0.0
0.673469387755102,0.6326530612244898,0.0,0.0
0.673469387755102,0.6428571428571428,0.0,0.0
0.673469387755102,0.6530612244897959,0.0,0.0
0.673469387755102,0.6632653061224489,0.0,0.0
0.673469387755102,0.673469387755102,0.0,0.0
0.6836734693877551,0.5,1.0,0.0
0.6836734693877551,0.5102040816326531,1.0,0.0
0.6836734693877551,0.5204081632653061,1.0,0.0
0.6836734693877551,0.5306122448979592,1.0,0.0
0.6836734693877551,0.5408163265306123,1.0,0.0
0.6836734693877551,0.5510204081632653,0.9100000000000001,0.029545219579485277
0.6836734693877551,0.5612244897959183,0.6118,0.015058419571787733
0.6836734693877551,0.5714285714285714,0.44589999999999996,0.01966644350155869
0.6836734693877551,0.5816326530612245,0.3544,0.016669853028746233
0.6836734693877551,0.5918367346938775,0.23559999999999998,0.023173778284949563
0.6836734693877551,0.6020408163265306,0.1079,0.01990047738120872
0.6836734693877551,0.6122448979591837,0.0274,0.013615579311949969
0.6836734693877551,0.6224489795918368,0.0,0.0
0.6836734693877551,0.6326530612244898,0.0,0.0
0.6836734693877551,0.6428571428571428,0.0,0.0
0.6836734693877551,0.653061224489796,0.0,0.0
0.6836734693877551,0.6632653061224489,0.0,0.0
0.6836734693877551,0.673469387755102,0.0,0.0
0.6836734693877551,0.6836734693877551,0.0,0.0
0.6938775510204082,0.5,1.0,0.0
0.6938775510204082,0.5102040816326531,1.0,0.0
0.6938775510204082,0.5204081632653061,1.0,0.0
0.6938775510204082,0.5306122448979592,1.0,0.0
0.6938775510204082,0.5408163265306123,1.0,0.0
0.6938775510204082,0.5510204081632653,1.0,0.0
0.6938775510204082,0.5612244897959183,0.6604,0.02123544207215852
0.6938775510204082,0.5714285714285714,0.48739999999999994,0.011399298224013619
0.6938775510204082,0.5816326530612245,0.3883,0.01267047749692173
0.6938775510204082,0.5918367346938775,0.2877,0.014483128115155234
0.6938775510204082,0.6020408163265306,0.2104,0.00952386476174457
0.6938775510204082,0.6122448979591837,0.1487,0.01709271774762574
0.6938775510204082,0.6224489795918368,0.039,0.016922174801130025
0.6938775510204082,0.6326530612244898,0.0,0.0
0.6938775510204082,0.6428571428571428,0.0,0.0
0.6938775510204082,0.653061224489796,0.0,0.0
0.6938775510204082,0.6632653061224489,0.0,0.0
0.6938775510204082,0.673469387755102,0.0,0.0
0.6938775510204082,0.6836734693877551,0.0,0.0
0.6938775510204082,0.6938775510204082,0.0,0.0
0.7040816326530612,0.5,1.0,0.0
0.7040816326530612,0.5102040816326531,1.0,0.0
0.7040816326530612,0.5204081632653061,1.0,0.0
0.7040816326530612,0.5306122448979592,1.0,0.0
0.7040816326530612,0.5408163265306123,1.0,0.0
0.7040816326530612,0.5510204081632653,1.0,0.0
0.7040816326530612,0.5612244897959183,0.7019,0.03301346694911033
0.7040816326530612,0.5714285714285714,0.5245,0.015064030005280785
0.7040816326530612,0.5816326530612245,0.42679999999999996,0.017866616915353618
0.7040816326530612,0.5918367346938775,0.33619999999999994,0.014805269332234389
0.7040816326530612,0.6020408163265306,0.2536,0.010047089130688549
0.7040816326530612,0.6122448979591837,0.1963,0.011372818472129061
0.7040816326530612,0.6224489795918368,0.1339,0.012758879261126347
0.7040816326530612,0.6326530612244898,0.0982,0.016147941045223074
0.7040816326530612,0.6428571428571428,0.0149,0.009425974750655763
0.7040816326530612,0.653061224489796,0.0,0.0
0.7040816326530612,0.6632653061224489,0.0,0.0
0.7040816326530612,0.673469387755102,0.0,0.0
0.7040816326530612,0.6836734693877551,0.0,0.0
0.7040816326530612,0.6938775510204082,0.0,0.0
0.7040816326530612,0.7040816326530612,0.0,0.0
0.7142857142857143,0.5,1.0,0.0
0.7142857142857143,0.5102040816326531,1.0,0.0
0.7142857142857143,0.5204081632653061,1.0,0.0
0.7142857142857143,0.5306122448979592,1.0,0.0
0.7142857142857143,0.5408163265306123,1.0,0.0
0.7142857142857143,0.5510204081632653,1.0,0.0
0.7142857142857143,0.5612244897959183,0.7943,0.025874717389760993
0.7142857142857143,0.5714285714285714,0.5891,0.018183206537901942
0.7142857142857143,0.5816326530612245,0.5058,0.015241259790450394
0.7142857142857143,0.5918367346938775,0.39649999999999996,0.015620659397093326
0.7142857142857143,0.6020408163265306,0.2954,0.009165369605204143
0.7142857142857143,0.6122448979591837,0.2607,0.01670032933806995
0.7142857142857143,0.6224489795918368,0.1899,0.008072731879605565
0.7142857142857143,0.6326530612244898,0.156,0.009887365675446617
0.7142857142857143,0.6428571428571428,0.09559999999999999,0.01659289004363013
0.7142857142857143,0.653061224489796,0.0408,0.014046921370891204
0.7142857142857143,0.6632653061224489,0.0,0.0
0.7142857142857143,0.6734693877551021,0.0,0.0
0.7142857142857143,0.6836734693877551,0.0,0.0
0.7142857142857143,0.6938775510204082,0.0,0.0
0.7142857142857143,0.7040816326530612,0.0,0.0
0.7142857142857143,0.7142857142857143,0.0,0.0
0.7244897959183674,0.5,1.0,0.0
0.7244897959183674,0.5102040816326531,1.0,0.0
0.7244897959183674,0.5204081632653061,1.0,0.0
0.7244897959183674,0.5306122448979592,1.0,0.0
0.7244897959183674,0.5408163265306123,1.0,0.0
0.7244897959183674,0.5510204081632653,1.0,0.0
0.7244897959183674,0.5612244897959183,0.8344000000000001,0.035687588879048694
0.7244897959183674,0.5714285714285714,0.6285,0.01407071426758429
0.7244897959183674,0.5816326530612245,0.5494999999999999,0.01775514010082714
0.7244897959183674,0.5918367346938775,0.4011,0.009060298008343876
0.7244897959183674,0.6020408163265306,0.3496,0.018014549675193104
0.7244897959183674,0.6122448979591837,0.26710000000000006,0.017599119296146614
0.7244897959183674,0.6224489795918368,0.21670000000000003,0.00935633475245515
0.7244897959183674,0.6326530612244898,0.2072,0.008000999937507813
0.7244897959183674,0.6428571428571429,0.141,0.008715503427800367
0.7244897959183674,0.653061224489796,0.10339999999999998,0.008640833293149451
0.7244897959183674,0.6632653061224489,0.05600000000000001,0.013271774561075093
0.7244897959183674,0.6734693877551021,0.0067,0.006356178096938442
0.7244897959183674,0.6836734693877551,0.0,0.0
0.7244897959183674,0.6938775510204082,0.0,0.0
0.7244897959183674,0.7040816326530612,0.0,0.0
0.7244897959183674,0.7142857142857143,0.0,0.0
0.7244897959183674,0.7244897959183674,0.0,0.0
0.7346938775510204,0.5,1.0,0.0
0.7346938775510204,0.5102040816326531,1.0,0.0
0.7346938775510204,0.5204081632653061,1.0,0.0
0.7346938775510204,0.5306122448979592,1.0,0.0
0.7346938775510204,0.5408163265306123,1.0,0.0
0.7346938775510204,0.5510204081632654,1.0,0.0
0.7346938775510204,0.5612244897959183,0.8519,0.03400277929816914
0.7346938775510204,0.5714285714285714,0.6507,0.017114350703430144
0.7346938775510204,0.5816326530612245,0.5481,0.010961249928726189
0.7346938775510204,0.5918367346938775,0.4347,0.01678514223949264
0.7346938775510204,0.6020408163265306,0.3802,0.011155088524973704
0.7346938775510204,0.6122448979591837,0.31270000000000003,0.008482982965914761
0.7346938775510204,0.6224489795918368,0.2807,0.011028191148143924
0.7346938775510204,0.6326530612244898,0.2096,0.01022858739025091
0.7346938775510204,0.6428571428571429,0.1856,0.01238159925050072
0.7346938775510204,0.653061224489796,0.1472,0.008603255197888763
0.7346938775510204,0.6632653061224489,0.1282,0.010556325118145991
0.7346938775510204,0.6734693877551021,0.08559999999999998,0.01187619467674726
0.7346938775510204,0.6836734693877551,0.0491,0.01576416823051568
0.7346938775510204,0.6938775510204082,0.0124,0.008602557759178371
0.7346938775510204,0.7040816326530612,0.0,0.0
0.7346938775510204,0.7142857142857143,0.0,0.0
0.7346938775510204,0.7244897959183674,0.0,0.0
0.7346938775510204,0.7346938775510204,0.0,0.0
0.7448979591836735,0.5,1.0,0.0
0.7448979591836735,0.5102040816326531,1.0,0.0
0.7448979591836735,0.5204081632653061,1.0,0.0
0.7448979591836735,0.5306122448979592,1.0,0.0
0.7448979591836735,0.5408163265306123,1.0,0.0
0.7448979591836735,0.5510204081632654,1.0,0.0
0.7448979591836735,0.5612244897959184,0.916,0.022379008020911022
0.7448979591836735,0.5714285714285714,0.6859000000000001,0.013343500290403562
0.7448979591836735,0.5816326530612245,0.5609,0.014977616632829132
0.7448979591836735,0.5918367346938775,0.47400000000000003,0.018269646958822165
0.7448979591836735,0.6020408163265306,0.40549999999999997,0.012668267442708965
0.7448979591836735,0.6122448979591837,0.35090000000000005,0.01512907796265192
0.7448979591836735,0.6224489795918368,0.312,0.013619838471876235
0.7448979591836735,0.6326530612244898,0.25670000000000004,0.006208139818013122
0.7448979591836735,0.6428571428571429,0.2177,0.006494690138874986
0.7448979591836735,0.653061224489796,0.20190000000000002,0.014355800221513254
0.7448979591836735,0.6632653061224489,0.16419999999999996,0.0035911001099941504
0.7448979591836735,0.6734693877551021,0.1409,0.009323572276761736
0.7448979591836735,0.6836734693877551,0.10899999999999999,0.005610704055642216
0.7448979591836735,0.6938775510204082,0.088,0.012078079317507399
0.7448979591836735,0.7040816326530612,0.0403,0.012635703383666458
0.7448979591836735,0.7142857142857143,0.0185,0.009254458385016382
0.7448979591836735,0.7244897959183674,0.0046,0.004363943171032364
0.7448979591836735,0.7346938775510204,0.0,0.0
0.7448979591836735,0.7448979591836735,0.0,0.0
0.7551020408163265,0.5,1.0,0.0
0.7551020408163265,0.5102040816326531,1.0,0.0
0.7551020408163265,0.5204081632653061,1.0,0.0
0.7551020408163265,0.5306122448979592,1.0,0.0
0.7551020408163265,0.5408163265306123,1.0,0.0
0.7551020408163265,0.5510204081632653,1.0,0.0
0.7551020408163265,0.5612244897959183,0.9863,0.009331720098674197
0.7551020408163265,0.5714285714285714,0.7342,0.007546919901522738
0.7551020408163265,0.5816326530612245,0.6148,0.012503439526786222
0.7551020408163265,0.5918367346938775,0.5335000000000001,0.013564844267443692
0.7551020408163265,0.6020408163265306,0.4692000000000001,0.012309995938260909
0.7551020408163265,0.6122448979591837,0.364,0.011074294559925703
0.7551020408163265,0.6224489795918366,0.3416,0.006866148847789419
0.7551020408163265,0.6326530612244898,0.2934,0.00863736070799408
0.7551020408163265,0.6428571428571428,0.26080000000000003,0.007283954969657622
0.7551020408163265,0.6530612244897959,0.2333,0.008595405749585065
0.7551020408163265,0.6632653061224489,0.1896,0.011099729726439288
0.7551020408163265,0.673469387755102,0.16530000000000003,0.007467328839685579
0.7551020408163265,0.6836734693877551,0.1377,0.009981032010769225
0.7551020408163265,0.6938775510204082,0.1212,0.008885718879190362
0.7551020408163265,0.7040816326530612,0.0977,0.009368084115762412
0.7551020408163265,0.7142857142857142,0.0746,0.01676854197597394
0.7551020408163265,0.7244897959183673,0.06939999999999999,0.00847254389188985
0.7551020408163265,0.7346938775510203,0.032600000000000004,0.012833705622305661
0.7551020408163265,0.7448979591836734,0.0053,0.0050280214796677245
0.7551020408163265,0.7551020408163265,0.0,0.0
0.7653061224489797,0.5,1.0,0.0
0.7653061224489797,0.5102040816326531,1.0,0.0
0.7653061224489797,0.5204081632653061,1.0,0.0
0.7653061224489797,0.5306122448979592,1.0,0.0
0.7653061224489797,0.5408163265306123,1.0,0.0
0.7653061224489797,0.5510204081632654,1.0,0.0
0.7653061224489797,0.5612244897959184,0.992,0.007589466384404107
0.7653061224489797,0.5714285714285714,0.7904,0.018616229478602805
0.7653061224489797,0.5816326530612245,0.631,0.013865785228395834
0.7653061224489797,0.5918367346938775,0.5534,0.013636128482820918
0.7653061224489797,0.6020408163265306,0.4603999999999999,0.01441402095183714
0.7653061224489797,0.6122448979591837,0.4122,0.012457768660558756
0.7653061224489797,0.6224489795918368,0.3598,0.011359401392679104
0.7653061224489797,0.6326530612244898,0.3006,0.007606839028137775
0.7653061224489797,0.6428571428571429,0.2738,0.00578930047587789
0.7653061224489797,0.653061224489796,0.25170000000000003,0.007391955086443643
0.7653061224489797,0.663265306122449,0.21270000000000003,0.006991494833009605
0.7653061224489797,0.6734693877551021,0.1796,0.010991087298352242
0.7653061224489797,0.6836734693877551,0.19380000000000003,0.007558835889209396
0.7653061224489797,0.6938775510204083,0.1685,0.010825202076635797
0.7653061224489797,0.7040816326530612,0.14079999999999998,0.008007246717817556
0.7653061224489797,0.7142857142857144,0.0987,0.007565778215094598
0.7653061224489797,0.7244897959183674,0.1214,0.006636565376759275
0.7653061224489797,0.7346938775510204,0.08879999999999999,0.008334026637826399
0.7653061224489797,0.7448979591836735,0.06160000000000001,0.009884533372901322
0.7653061224489797,0.7551020408163266,0.038900000000000004,0.014112016156453334
0.7653061224489797,0.7653061224489797,0.0242,0.00800849548916649
0.7755102040816326,0.5,1.0,0.0
0.7755102040816326,0.5102040816326531,1.0,0.0
0.7755102040816326,0.5204081632653061,1.0,0.0
0.7755102040816326,0.5306122448979592,1.0,0.0
0.7755102040816326,0.5408163265306123,1.0,0.0
0.7755102040816326,0.5510204081632653,1.0,0.0
0.7755102040816326,0.5612244897959183,1.0,0.0
0.7755102040816326,0.5714285714285714,0.7981,0.01881512689300819
0.7755102040816326,0.5816326530612245,0.6418,0.009991796635240338
0.7755102040816326,0.5918367346938775,0.5542999999999999,0.01050433243952227
0.7755102040816326,0.6020408163265306,0.5037,0.011779685904131743
0.7755102040816326,0.6122448979591837,0.4413,0.011326120253643787
0.7755102040816326,0.6224489795918368,0.3905,0.010205145760840457
0.7755102040816326,0.6326530612244898,0.3229,0.0078005769017425895
0.7755102040816326,0.6428571428571428,0.31710000000000005,0.01196699628144005
0.7755102040816326,0.653061224489796,0.27420000000000005,0.007500399989333901
0.7755102040816326,0.6632653061224489,0.25170000000000003,0.006972876020696196
0.7755102040816326,0.673469387755102,0.2109,0.0074812432121940785
0.7755102040816326,0.6836734693877551,0.1938,0.009587283243964372
0.7755102040816326,0.6938775510204082,0.1913,0.009374486652611973
0.7755102040816326,0.7040816326530612,0.16749999999999998,0.008088572185497264
0.7755102040816326,0.7142857142857143,0.1482,0.006684010771984137
0.7755102040816326,0.7244897959183674,0.1396,0.004783722399972639
0.7755102040816326,0.7346938775510203,0.1322,0.005892028513169297
0.7755102040816326,0.7448979591836734,0.10049999999999999,0.0066607056683207376
0.7755102040816326,0.7551020408163265,0.09509999999999999,0.00541193126342159
0.7755102040816326,0.7653061224489796,0.0798,0.004379040990902004
0.7755102040816326,0.7755102040816326,0.06,0.013813037319865606
0.7857142857142857,0.5,1.0,0.0
0.7857142857142857,0.5102040816326531,1.0,0.0
0.7857142857142857,0.5204081632653061,1.0,0.0
0.7857142857142857,0.5306122448979592,1.0,0.0
0.7857142857142857,0.5408163265306123,1.0,0.0
0.7857142857142857,0.5510204081632653,1.0,0.0
0.7857142857142857,0.5612244897959183,1.0,0.0
0.7857142857142857,0.5714285714285714,0.8016000000000002,0.021581566208225014
0.7857142857142857,0.5816326530612245,0.6762999999999999,0.013218207140153308
0.7857142857142857,0.5918367346938775,0.6045,0.010208085030993819
0.7857142857142857,0.6020408163265306,0.5559000000000001,0.015150214519933373
0.7857142857142857,0.6122448979591837,0.4345,0.009988243088751897
0.7857142857142857,0.6224489795918368,0.42919999999999997,0.01196645310858652
0.7857142857142857,0.6326530612244898,0.35609999999999997,0.00783638947475175
0.7857142857142857,0.6428571428571428,0.33859999999999996,0.01277121763967712
0.7857142857142857,0.6530612244897959,0.2891,0.007578192396607518
0.7857142857142857,0.6632653061224489,0.2631,0.009294568306274367
0.7857142857142857,0.673469387755102,0.2698,0.006177054314153305
0.7857142857142857,0.6836734693877551,0.2077,0.007498066417417228
0.7857142857142857,0.6938775510204082,0.2202,0.007679583322029913
0.7857142857142857,0.7040816326530612,0.1888,0.006466529208161051
0.7857142857142857,0.7142857142857143,0.1646,0.005841575130048401
0.7857142857142857,0.7244897959183674,0.169,0.004634652090502586
0.7857142857142857,0.7346938775510203,0.15829999999999997,0.005735939330223078
0.7857142857142857,0.7448979591836734,0.1355,0.004962358310319799
0.7857142857142857,0.7551020408163265,0.11750000000000001,0.0069487408931402815
0.7857142857142857,0.7653061224489797,0.1018,0.007552218217186257
0.7857142857142857,0.7755102040816326,0.1021,0.0037106603185955993
0.7857142857142857,0.7857142857142857,0.0925,0.007536909180824724
0.7959183673469388,0.5,1.0,0.0
0.7959183673469388,0.5102040816326531,1.0,0.0
0.7959183673469388,0.5204081632653061,1.0,0.0
0.7959183673469388,0.5306122448979592,1.0,0.0
0.7959183673469388,0.5408163265306123,1.0,0.0
0.7959183673469388,0.5510204081632653,1.0,0.0
0.7959183673469388,0.5612244897959183,1.0,0.0
0.7959183673469388,0.5714285714285714,0.8524999999999998,0.012276196479366067
0.7959183673469388,0.5816326530612245,0.6843999999999999,0.009873398604330723
0.7959183673469388,0.5918367346938775,0.6287,0.01405919627859289
0.7959183673469388,0.6020408163265306,0.553,0.009929753269845123
0.7959183673469388,0.6122448979591837,0.4755,0.010382918664807119
0.7959183673469388,0.6224489795918368,0.44610000000000005,0.009989444428996035
0.7959183673469388,0.6326530612244898,0.38339999999999996,0.007598947295514034
0.7959183673469388,0.6428571428571428,0.35290000000000005,0.012007039601833585
0.7959183673469388,0.653061224489796,0.3121999999999999,0.006664532991890731
0.7959183673469388,0.6632653061224489,0.29290000000000005,0.00914270200761241
0.7959183673469388,0.673469387755102,0.2704,0.010102672913640228
0.7959183673469388,0.6836734693877551,0.2546,0.007261129388738368
0.7959183673469388,0.6938775510204082,0.2189,0.00526773195977168
0.7959183673469388,0.7040816326530612,0.1982,0.007426708557631703
0.7959183673469388,0.7142857142857143,0.1877,0.007963730281720998
0.7959183673469388,0.7244897959183674,0.1777,0.003679809777692318
0.7959183673469388,0.7346938775510204,0.179,0.005789645930452051
0.7959183673469388,0.7448979591836735,0.158,0.007318469785412795
0.7959183673469388,0.7551020408163265,0.14379999999999998,0.007649575151601556
0.7959183673469388,0.7653061224489797,0.1343,0.006117270633215438
0.7959183673469388,0.7755102040816326,0.11750000000000001,0.005402314318882232
0.7959183673469388,0.7857142857142857,0.11980000000000002,0.00449844417549001
0.7959183673469388,0.7959183673469388,0.12389999999999998,0.006732681486599524
0.8061224489795918,0.5,1.0,0.0
0.8061224489795918,0.5102040816326531,1.0,0.0
0.8061224489795918,0.5204081632653061,1.0,0.0
0.8061224489795918,0.5306122448979592,1.0,0.0
0.8061224489795918,0.5408163265306123,1.0,0.0
0.8061224489795918,0.5510204081632653,1.0,0.0
0.8061224489795918,0.5612244897959183,1.0,0.0
0.8061224489795918,0.5714285714285714,0.9404,0.022132419659856448
0.8061224489795918,0.5816326530612245,0.7472,0.01757885092945498
0.8061224489795918,0.5918367346938775,0.6202000000000001,0.010819242117634676
0.8061224489795918,0.6020408163265306,0.5579999999999999,0.014017132374348183
0.8061224489795918,0.6122448979591837,0.49029999999999996,0.013851389821963708
0.8061224489795918,0.6224489795918368,0.4627,0.009630212874075006
0.8061224489795918,0.6326530612244898,0.4016,0.006832569062951356
0.8061224489795918,0.6428571428571428,0.36669999999999997,0.009836716931984981
0.8061224489795918,0.653061224489796,0.34199999999999997,0.009608329719571448
0.8061224489795918,0.6632653061224489,0.3215,0.006767939125021739
0.8061224489795918,0.673469387755102,0.31,0.006267375846396961
0.8061224489795918,0.6836734693877551,0.279,0.005707889277132131
0.8061224489795918,0.6938775510204082,0.2519,0.007758156997638033
0.8061224489795918,0.7040816326530612,0.23170000000000007,0.010093611841159734
0.8061224489795918,0.7142857142857143,0.2083,0.0061221728169008754
0.8061224489795918,0.7244897959183674,0.2072,0.008125023076890305
0.8061224489795918,0.7346938775510204,0.18689999999999998,0.007750419343493617
0.8061224489795918,0.7448979591836735,0.1694,0.006481049297760355
0.8061224489795918,0.7551020408163265,0.1545,0.00521200537221519
0.8061224489795918,0.7653061224489797,0.1528,0.005644111976210252
0.8061224489795918,0.7755102040816326,0.14529999999999998,0.004547636748905961
0.8061224489795918,0.7857142857142857,0.1336,0.006392495600311353
0.8061224489795918,0.7959183673469388,0.1268,0.004759831929805926
0.8061224489795918,0.8061224489795918,0.1252,0.004036830439837669
0.8163265306122449,0.5,1.0,0.0
0.8163265306122449,0.5102040816326531,1.0,0.0
0.8163265306122449,0.5204081632653061,1.0,0.0
0.8163265306122449,0.5306122448979592,1.0,0.0
0.8163265306122449,0.5408163265306123,1.0,0.0
0.8163265306122449,0.5510204081632653,1.0,0.0
0.8163265306122449,0.5612244897959183,1.0,0.0
0.8163265306122449,0.5714285714285714,0.9705,0.019284838604458166
0.8163265306122449,0.5816326530612245,0.7449,0.01248955563661094
0.8163265306122449,0.5918367346938775,0.6629,0.01665559965897355
0.8163265306122449,0.6020408163265306,0.5878000000000001,0.013710433982919722
0.8163265306122449,0.6122448979591837,0.5063,0.007276056624298633
0.8163265306122449,0.6224489795918368,0.47759999999999997,0.007126289357021646
0.8163265306122449,0.6326530612244898,0.42169999999999996,0.009827563278860125
0.8163265306122449,0.6428571428571428,0.38289999999999996,0.007101337902113943
0.8163265306122449,0.653061224489796,0.37450000000000006,0.013312588027877974
0.8163265306122449,0.6632653061224489,0.3257,0.006389131396363674
0.8163265306122449,0.673469387755102,0.3278,0.004383605821695196
0.8163265306122449,0.6836734693877551,0.2922,0.005139649793517063
0.8163265306122449,0.6938775510204082,0.2685,0.008441859984624241
0.8163265306122449,0.7040816326530612,0.25270000000000004,0.005459029217727267
0.8163265306122449,0.7142857142857143,0.23929999999999998,0.009704689588029078
0.8163265306122449,0.7244897959183674,0.2223,0.010026016157976209
0.8163265306122449,0.7346938775510204,0.21539999999999998,0.005157906552080988
0.8163265306122449,0.7448979591836735,0.2009,0.0029914879240939603
0.8163265306122449,0.7551020408163265,0.1958,0.006396561576347094
0.8163265306122449,0.7653061224489797,0.17409999999999998,0.005800775810182634
0.8163265306122449,0.7755102040816326,0.17670000000000002,0.0028741955396249567
0.8163265306122449,0.7857142857142857,0.1592,0.006429307894322685
0.8163265306122449,0.7959183673469388,0.14789999999999998,0.004750684161255091
0.8163265306122449,0.8061224489795918,0.13949999999999999,0.00495429106936603
0.8163265306122449,0.8163265306122449,0.1336,0.005676618711874173
0.8265306122448979,0.5,1.0,0.0
0.8265306122448979,0.5102040816326531,1.0,0.0
0.8265306122448979,0.5204081632653061,1.0,0.0
0.8265306122448979,0.5306122448979592,1.0,0.0
0.8265306122448979,0.5408163265306123,1.0,0.0
0.8265306122448979,0.5510204081632653,1.0,0.0
0.8265306122448979,0.5612244897959183,1.0,0.0
0.8265306122448979,0.5714285714285714,0.9925,0.007115124735378848
0.8265306122448979,0.5816326530612245,0.7725000000000002,0.014299125847407598
0.8265306122448979,0.5918367346938775,0.6678000000000001,0.017304219138695624
0.8265306122448979,0.6020408163265306,0.6149,0.011246732858923967
0.8265306122448979,0.6122448979591837,0.5362,0.005394070818964095
0.8265306122448979,0.6224489795918366,0.48769999999999997,0.010699579430986999
0.8265306122448979,0.6326530612244898,0.45780000000000004,0.009747615092934269
0.8265306122448979,0.6428571428571428,0.41689999999999994,0.007600592082199912
0.8265306122448979,0.6530612244897959,0.36819999999999997,0.010327439179196362
0.8265306122448979,0.6632653061224489,0.33260000000000006,0.006267694951096455
0.8265306122448979,0.673469387755102,0.3249,0.004023555641469372
0.8265306122448979,0.6836734693877551,0.31290000000000007,0.004936496733514571
0.8265306122448979,0.693877551020408,0.2860000000000001,0.0070668238976219
0.8265306122448979,0.7040816326530612,0.2872,0.0075628037129096505
0.8265306122448979,0.7142857142857142,0.255,0.00805977667184395
0.8265306122448979,0.7244897959183673,0.25029999999999997,0.00525937258615512
0.8265306122448979,0.7346938775510203,0.2152,0.006007994673765948
0.8265306122448979,0.7448979591836734,0.215,0.007760154637634484
0.8265306122448979,0.7551020408163265,0.2117,0.0044520781664296955
0.8265306122448979,0.7653061224489796,0.19990000000000002,0.00614564886728814
0.8265306122448979,0.7755102040816326,0.18560000000000001,0.0053594775864817265
0.8265306122448979,0.7857142857142856,0.18580000000000002,0.005910668320926154
0.8265306122448979,0.7959183673469388,0.1603,0.006545303659877057
0.8265306122448979,0.8061224489795917,0.15109999999999998,0.006822682756804687
0.8265306122448979,0.8163265306122448,0.1594,0.005639503524247502
0.8265306122448979,0.8265306122448979,0.15269999999999997,0.0062881634838798505
0.8367346938775511,0.5,1.0,0.0
0.8367346938775511,0.5102040816326531,1.0,0.0
0.8367346938775511,0.5204081632653061,1.0,0.0
0.8367346938775511,0.5306122448979592,1.0,0.0
0.8367346938775511,0.5408163265306123,1.0,0.0
0.8367346938775511,0.5510204081632654,1.0,0.0
0.8367346938775511,0.5612244897959184,1.0,0.0
0.8367346938775511,0.5714285714285714,0.9868,0.012522619534266782
0.8367346938775511,0.5816326530612245,0.8029,0.005290463117724185
0.8367346938775511,0.5918367346938775,0.6774,0.011309465062504055
0.8367346938775511,0.6020408163265306,0.6411999999999999,0.007326390652975045
0.8367346938775511,0.6122448979591837,0.5407,0.010996408504598213
0.8367346938775511,0.6224489795918368,0.4955,0.01204678380315676
0.8367346938775511,0.6326530612244898,0.4524,0.011408943859972313
0.8367346938775511,0.6428571428571429,0.4311,0.005706925617177782
0.8367346938775511,0.653061224489796,0.4041,0.007769749030695907
0.8367346938775511,0.6632653061224489,0.3651000000000001,0.008791416268156112
0.8367346938775511,0.6734693877551021,0.3426,0.008220948850345682
0.8367346938775511,0.6836734693877551,0.32470000000000004,0.004223860793160684
0.8367346938775511,0.6938775510204083,0.30720000000000003,0.005143539637253708
0.8367346938775511,0.7040816326530612,0.2882,0.005758124694724835
0.8367346938775511,0.7142857142857143,0.2709,0.006122826144845204
0.8367346938775511,0.7244897959183674,0.2487,0.0055750336321855505
0.8367346938775511,0.7346938775510204,0.24040000000000003,0.00767749959296645
0.8367346938775511,0.7448979591836735,0.2294,0.004306274491947768
0.8367346938775511,0.7551020408163265,0.2274,0.006516440746297015
0.8367346938775511,0.7653061224489797,0.20590000000000003,0.003502713234051568
0.8367346938775511,0.7755102040816326,0.2031,0.0038221721572948538
0.8367346938775511,0.7857142857142858,0.18580000000000002,0.006037880422797391
0.8367346938775511,0.7959183673469388,0.194,0.005414794548272353
0.8367346938775511,0.8061224489795918,0.172,0.005931273050534766
0.8367346938775511,0.8163265306122449,0.1631,0.00492026422054751
0.8367346938775511,0.826530612244898,0.16319999999999998,0.004772420769378994
0.8367346938775511,0.8367346938775511,0.15940000000000001,0.005424389366555465
0.846938775510204,0.5,1.0,0.0
0.846938775510204,0.5102040816326531,1.0,0.0
0.846938775510204,0.5204081632653061,1.0,0.0
0.846938775510204,0.5306122448979592,1.0,0.0
0.846938775510204,0.5408163265306123,1.0,0.0
0.846938775510204,0.5510204081632653,1.0,0.0
0.846938775510204,0.5612244897959183,1.0,0.0
0.846938775510204,0.5714285714285714,1.0,0.0
0.846938775510204,0.5816326530612245,0.8199,0.015509642162216378
0.846938775510204,0.5918367346938775,0.7101,0.010418685137770502
0.846938775510204,0.6020408163265306,0.6279,0.0043736712267842025
0.846938775510204,0.6122448979591837,0.5729,0.013122080627705346
0.846938775510204,0.6224489795918368,0.5204,0.006240512799442051
0.846938775510204,0.6326530612244898,0.4736999999999999,0.010078740000615156
0.846938775510204,0.6428571428571428,0.4373,0.00642969672690711
0.846938775510204,0.6530612244897959,0.42919999999999997,0.006787930465171254
0.846938775510204,0.6632653061224489,0.38639999999999997,0.00650722675185059
0.846938775510204,0.673469387755102,0.365,0.007390534486760754
0.846938775510204,0.6836734693877551,0.3332,0.006631440265884928
0.846938775510204,0.6938775510204082,0.3085,0.007016053021464425
0.846938775510204,0.7040816326530612,0.3115,0.0052711478825773804
0.846938775510204,0.7142857142857142,0.28969999999999996,0.005221206757062966
0.846938775510204,0.7244897959183674,0.26680000000000004,0.002799285623154591
0.846938775510204,0.7346938775510203,0.26339999999999997,0.006885056281541931
0.846938775510204,0.7448979591836734,0.24670000000000006,0.0055191484850473085
0.846938775510204,0.7551020408163265,0.24330000000000002,0.0047117937136508855
0.846938775510204,0.7653061224489796,0.2291,0.004087664369783801
0.846938775510204,0.7755102040816326,0.21880000000000002,0.004923007211044893
0.846938775510204,0.7857142857142856,0.20800000000000002,0.004363484845854285
0.846938775510204,0.7959183673469388,0.20220000000000002,0.002509183134009949
0.846938775510204,0.8061224489795917,0.193,0.006156297588648554
0.846938775510204,0.8163265306122449,0.1793,0.004409194937854302
0.846938775510204,0.8265306122448979,0.18309999999999998,0.005684100632465965
0.846938775510204,0.836734693877551,0.1672,0.004154034183778463
0.846938775510204,0.846938775510204,0.1618,0.004707016039913185
0.8571428571428572,0.5,1.0,0.0
0.8571428571428572,0.5102040816326531,1.0,0.0
0.8571428571428572,0.5204081632653061,1.0,0.0
0.8571428571428572,0.5306122448979592,1.0,0.0
0.8571428571428572,0.5408163265306123,1.0,0.0
0.8571428571428572,0.5510204081632654,1.0,0.0
0.8571428571428572,0.5612244897959184,1.0,0.0
0.8571428571428572,0.5714285714285714,1.0,0.0
0.8571428571428572,0.5816326530612245,0.8382999999999999,0.0212452582944995
0.8571428571428572,0.5918367346938775,0.7308,0.008937337411108524
0.8571428571428572,0.6020408163265306,0.6543,0.006466915802761003
0.8571428571428572,0.6122448979591837,0.5939,0.009105437935651418
0.8571428571428572,0.6224489795918368,0.5309,0.008251605904307355
0.8571428571428572,0.6326530612244898,0.4982000000000001,0.010174281301399133
0.8571428571428572,0.6428571428571429,0.4511,0.011355571319841202
0.8571428571428572,0.653061224489796,0.4263,0.00919353033388154
0.8571428571428572,0.6632653061224489,0.3955,0.00930510612513366
0.8571428571428572,0.6734693877551021,0.3823,0.007205622804449312
0.8571428571428572,0.6836734693877551,0.36669999999999997,0.004726626704109394
0.8571428571428572,0.6938775510204082,0.3347,0.004917418021685768
0.8571428571428572,0.7040816326530612,0.3115,0.007604275113381942
0.8571428571428572,0.7142857142857143,0.2951,0.005726168003123905
0.8571428571428572,0.7244897959183674,0.2811,0.00590160994983572
0.8571428571428572,0.7346938775510204,0.27140000000000003,0.00629952379152583
0.8571428571428572,0.7448979591836735,0.24980000000000002,0.004612591462507819
0.8571428571428572,0.7551020408163266,0.2517,0.002720477899193449
0.8571428571428572,0.7653061224489797,0.24089999999999998,0.007931519400467981
0.8571428571428572,0.7755102040816327,0.2451,0.0038741450669792957
0.8571428571428572,0.7857142857142858,0.23020000000000004,0.004818298454848974
0.8571428571428572,0.7959183673469388,0.2164,0.00281496003524029
0.8571428571428572,0.806122448979592,0.20729999999999998,0.003346789506377717
0.8571428571428572,0.8163265306122449,0.2112,0.003660054644400819
0.8571428571428572,0.826530612244898,0.1971,0.0037774329908020873
0.8571428571428572,0.8367346938775511,0.18170000000000003,0.004259225281668017
0.8571428571428572,0.8469387755102041,0.176,0.005658621740318042
0.8571428571428572,0.8571428571428572,0.17770000000000002,0.004128074611728814
0.8673469387755102,0.5,1.0,0.0
0.8673469387755102,0.5102040816326531,1.0,0.0
0.8673469387755102,0.5204081632653061,1.0,0.0
0.8673469387755102,0.5306122448979592,1.0,0.0
0.8673469387755102,0.5408163265306123,1.0,0.0
0.8673469387755102,0.5510204081632653,1.0,0.0
0.8673469387755102,0.5612244897959183,1.0,0.0
0.8673469387755102,0.5714285714285714,1.0,0.0
0.8673469387755102,0.5816326530612245,0.8382,0.009868941179275508
0.8673469387755102,0.5918367346938775,0.7403000000000002,0.012341029130506099
0.8673469387755102,0.6020408163265306,0.6537999999999999,0.0054070324578274955
0.8673469387755102,0.6122448979591837,0.6001,0.009264394205775142
0.8673469387755102,0.6224489795918368,0.5602,0.012477820322476194
0.8673469387755102,0.6326530612244898,0.5153000000000001,0.007975023510937136
0.8673469387755102,0.6428571428571428,0.48129999999999995,0.008315106734131559
0.8673469387755102,0.653061224489796,0.44630000000000003,0.0061401140054562495
0.8673469387755102,0.6632653061224489,0.41790000000000005,0.010698083940594218
0.8673469387755102,0.673469387755102,0.3932000000000001,0.0075083953012611135
0.8673469387755102,0.6836734693877551,0.37220000000000003,0.004029392013691399
0.8673469387755102,0.6938775510204082,0.3544,0.004541365433435189
0.8673469387755102,0.7040816326530612,0.3384,0.004645858370635072
0.8673469387755102,0.7142857142857143,0.3199,0.006170008103722394
0.8673469387755102,0.7244897959183674,0.3107,0.0061580029230262675
0.8673469387755102,0.7346938775510203,0.2874,0.005660742000833456
0.8673469387755102,0.7448979591836734,0.2849,0.006057144541778739
0.8673469387755102,0.7551020408163265,0.26850000000000007,0.005060138338029899
0.8673469387755102,0.7653061224489796,0.2631,0.005499909090157761
0.8673469387755102,0.7755102040816326,0.2546,0.003561460374621626
0.8673469387755102,0.7857142857142857,0.2428,0.004051666323872192
0.8673469387755102,0.7959183673469388,0.2327,0.004289638679422779
0.8673469387755102,0.8061224489795918,0.22739999999999996,0.003178678970893412
0.8673469387755102,0.8163265306122449,0.21549999999999997,0.005831380625546577
0.8673469387755102,0.8265306122448979,0.20900000000000002,0.0032186953878862155
0.8673469387755102,0.836734693877551,0.20600000000000002,0.002986636904613615
0.8673469387755102,0.846938775510204,0.19090000000000001,0.0033300150149811643
0.8673469387755102,0.8571428571428571,0.1911,0.0027511815643464924
0.8673469387755102,0.8673469387755102,0.1793,0.0034118909712943643
0.8775510204081632,0.5,1.0,0.0
0.8775510204081632,0.5102040816326531,1.0,0.0
0.8775510204081632,0.5204081632653061,1.0,0.0
0.8775510204081632,0.5306122448979592,1.0,0.0
0.8775510204081632,0.5408163265306123,1.0,0.0
0.8775510204081632,0.5510204081632653,1.0,0.0
0.8775510204081632,0.5612244897959183,1.0,0.0
0.8775510204081632,0.5714285714285714,1.0,0.0
0.8775510204081632,0.5816326530612245,0.8808000000000001,0.020416072100186165
0.8775510204081632,0.5918367346938775,0.7475999999999999,0.00579689572098723
0.8775510204081632,0.6020408163265306,0.7011000000000001,0.010779100147971529
0.8775510204081632,0.6122448979591837,0.6159000000000001,0.008769777648264521
0.8775510204081632,0.6224489795918368,0.5678000000000001,0.011027057631118097
0.8775510204081632,0.6326530612244898,0.5197999999999999,0.011912010745461912
0.8775510204081632,0.6428571428571428,0.49350000000000005,0.009085427893060405
0.8775510204081632,0.653061224489796,0.4614,0.008268252536056214
0.8775510204081632,0.6632653061224489,0.4402000000000001,0.007080677933644492
0.8775510204081632,0.673469387755102,0.40990000000000004,0.00804419045025663
0.8775510204081632,0.6836734693877551,0.3854,0.004775353390064449
0.8775510204081632,0.6938775510204082,0.3653,0.003472895045923504
0.8775510204081632,0.7040816326530612,0.3483,0.005961627294623504
0.8775510204081632,0.7142857142857143,0.3219,0.006620347422907653
0.8775510204081632,0.7244897959183674,0.31149999999999994,0.007361046121306401
0.8775510204081632,0.7346938775510203,0.2951,0.007612424055450403
0.8775510204081632,0.7448979591836735,0.2911,0.004570448555667155
0.8775510204081632,0.7551020408163265,0.28490000000000004,0.003659098249569144
0.8775510204081632,0.7653061224489797,0.27460000000000007,0.004760672221441
0.8775510204081632,0.7755102040816326,0.26470000000000005,0.003082369218636858
0.8775510204081632,0.7857142857142857,0.2537,0.004701170067121589
0.8775510204081632,0.7959183673469388,0.2525,0.004561249828720196
0.8775510204081632,0.8061224489795918,0.2432,0.0036049965325919524
0.8775510204081632,0.8163265306122449,0.22529999999999997,0.0045739479664727275
0.8775510204081632,0.8265306122448979,0.21870000000000003,0.0038808504222657175
0.8775510204081632,0.8367346938775511,0.2231,0.0036481502162054678
0.8775510204081632,0.846938775510204,0.20329999999999998,0.003765766854174591
0.8775510204081632,0.8571428571428571,0.2008,0.004051666323872192
0.8775510204081632,0.8673469387755102,0.19660000000000002,0.003268638860443288
0.8775510204081632,0.8775510204081632,0.19229999999999997,0.0050597430764812565
0.8877551020408163,0.5,1.0,0.0
0.8877551020408163,0.5102040816326531,1.0,0.0
0.8877551020408163,0.5204081632653061,1.0,0.0
0.8877551020408163,0.5306122448979592,1.0,0.0
0.8877551020408163,0.5408163265306123,1.0,0.0
0.8877551020408163,0.5510204081632653,1.0,0.0
0.8877551020408163,0.5612244897959183,1.0,0.0
0.8877551020408163,0.5714285714285714,1.0,0.0
0.8877551020408163,0.5816326530612245,0.8690000000000001,0.0240137460634529
0.8877551020408163,0.5918367346938775,0.7693000000000001,0.006425029182813108
0.8877551020408163,0.6020408163265306,0.6742000000000001,0.006991137246542933
0.8877551020408163,0.6122448979591837,0.6207,0.011384243497044503
0.8877551020408163,0.6224489795918368,0.5708000000000001,0.011647145573057799
0.8877551020408163,0.6326530612244898,0.5233000000000001,0.007691618815308004
0.8877551020408163,0.6428571428571428,0.499,0.008583705493549976
0.8877551020408163,0.653061224489796,0.48150000000000004,0.007078488539229262
0.8877551020408163,0.6632653061224489,0.4468,0.005237938525794283
0.8877551020408163,0.673469387755102,0.402,0.005171073389539155
0.8877551020408163,0.6836734693877551,0.40709999999999996,0.006645976226259013
0.8877551020408163,0.6938775510204082,0.37510000000000004,0.005896524400017354
0.8877551020408163,0.7040816326530612,0.3609,0.004477610970149148
0.8877551020408163,0.7142857142857143,0.3405,0.005972018084366456
0.8877551020408163,0.7244897959183674,0.3258,0.004300697617828994
0.8877551020408163,0.7346938775510203,0.3069,0.005586501588650988
0.8877551020408163,0.7448979591836734,0.31060000000000004,0.0037099865228865754
0.8877551020408163,0.7551020408163265,0.2902,0.0034170162422792177
0.8877551020408163,0.7653061224489797,0.2899999999999999,0.005594640292279744
0.8877551020408163,0.7755102040816326,0.27759999999999996,0.006125683635317772
0.8877551020408163,0.7857142857142857,0.267,0.004270831300812521
0.8877551020408163,0.7959183673469388,0.2501,0.0042625109970532635
0.8877551020408163,0.8061224489795918,0.25730000000000003,0.004171450587026056
0.8877551020408163,0.8163265306122449,0.23789999999999994,0.0036399175814845037
0.8877551020408163,0.8265306122448979,0.2354,0.003533270439691815
0.8877551020408163,0.8367346938775511,0.23190000000000005,0.0036917475536661503
0.8877551020408163,0.846938775510204,0.22110000000000002,0.0031159268284091666
0.8877551020408163,0.8571428571428571,0.2157,0.0031114305391571895
0.8877551020408163,0.8673469387755102,0.217,0.0030951575081084332
0.8877551020408163,0.8775510204081632,0.2097,0.0036987835838286076
0.8877551020408163,0.8877551020408163,0.2081,0.0038844562038977868
0.8979591836734694,0.5,1.0,0.0
0.8979591836734694,0.5102040816326531,1.0,0.0
0.8979591836734694,0.5204081632653061,1.0,0.0
0.8979591836734694,0.5306122448979592,1.0,0.0
0.8979591836734694,0.5408163265306123,1.0,0.0
0.8979591836734694,0.5510204081632653,1.0,0.0
0.8979591836734694,0.5612244897959183,1.0,0.0
0.8979591836734694,0.5714285714285714,1.0,0.0
0.8979591836734694,0.5816326530612245,0.8891,0.01698673011500448
0.8979591836734694,0.5918367346938775,0.7628,0.00898309523493991
0.8979591836734694,0.6020408163265306,0.7007000000000001,0.010667755152795734
0.8979591836734694,0.6122448979591837,0.6571,0.01216425090172017
0.8979591836734694,0.6224489795918368,0.59,0.00946889645101265
0.8979591836734694,0.6326530612244898,0.565,0.006931089380465374
0.8979591836734694,0.6428571428571428,0.5041,0.00843380104104905
0.8979591836734694,0.653061224489796,0.4891000000000001,0.00740060808312398
0.8979591836734694,0.6632653061224489,0.45200000000000007,0.007090839160494332
0.8979591836734694,0.673469387755102,0.4252999999999999,0.0067956603799778
0.8979591836734694,0.6836734693877551,0.4145,0.006066712454039668
0.8979591836734694,0.6938775510204082,0.3912,0.00705662808995911
0.8979591836734694,0.7040816326530612,0.3604,0.005286208471106678
0.8979591836734694,0.7142857142857143,0.34909999999999997,0.0054615931741571495
0.8979591836734694,0.7244897959183674,0.34080000000000005,0.004977549597944753
0.8979591836734694,0.7346938775510204,0.32280000000000003,0.007815113562834515
0.8979591836734694,0.7448979591836735,0.31490000000000007,0.005942137662491506
0.8979591836734694,0.7551020408163265,0.2932,0.00552774818529209
0.8979591836734694,0.7653061224489796,0.28159999999999996,0.0044389187872724105
0.8979591836734694,0.7755102040816326,0.2892,0.006222218253966988
0.8979591836734694,0.7857142857142857,0.2772,0.005304337847460319
0.8979591836734694,0.7959183673469388,0.26990000000000003,0.004193924176710877
0.8979591836734694,0.8061224489795918,0.2557,0.0054000925917987745
0.8979591836734694,0.8163265306122449,0.2529,0.0037321575529444106
0.8979591836734694,0.8265306122448979,0.2533,0.0037551298246532067
0.8979591836734694,0.8367346938775511,0.2427,0.0030595751339033985
0.8979591836734694,0.846938775510204,0.23369999999999996,0.0029767431867730866
0.8979591836734694,0.8571428571428572,0.23170000000000002,0.002807311881498027
0.8979591836734694,0.8673469387755102,0.2245,0.004060172410132359
0.8979591836734694,0.8775510204081632,0.2197,0.0019598469327985813
0.8979591836734694,0.8877551020408163,0.2136,0.0030665942020423886
0.8979591836734694,0.8979591836734694,0.21000000000000002,0.0036166282640050255
0.9081632653061225,0.5,1.0,0.0
0.9081632653061225,0.5102040816326531,1.0,0.0
0.9081632653061225,0.5204081632653061,1.0,0.0
0.9081632653061225,0.5306122448979592,1.0,0.0
0.9081632653061225,0.5408163265306123,1.0,0.0
0.9081632653061225,0.5510204081632653,1.0,0.0
0.9081632653061225,0.5612244897959183,1.0,0.0
0.9081632653061225,0.5714285714285714,1.0,0.0
0.9081632653061225,0.5816326530612245,0.9898,0.009676569640115238
0.9081632653061225,0.5918367346938775,0.8263,0.01559682660030559
0.9081632653061225,0.6020408163265306,0.6938000000000001,0.009037477524176748
0.9081632653061225,0.6122448979591837,0.6517999999999999,0.009303547710416703
0.9081632653061225,0.6224489795918368,0.5835,0.004821306876771067
0.9081632653061225,0.6326530612244898,0.587,0.009615612304996494
0.9081632653061225,0.6428571428571428,0.5326000000000001,0.01053109680897484
0.9081632653061225,0.653061224489796,0.5058999999999999,0.009265473544293351
0.9081632653061225,0.6632653061224489,0.46209999999999996,0.0065014613741834985
0.9081632653061225,0.673469387755102,0.4346,0.009549031364489277
0.9081632653061225,0.6836734693877551,0.41899999999999993,0.004576024475459017
0.9081632653061225,0.6938775510204082,0.4001,0.004243701214741676
0.9081632653061225,0.7040816326530612,0.37079999999999996,0.004685722996507587
0.9081632653061225,0.7142857142857143,0.36500000000000005,0.005558776843874919
0.9081632653061225,0.7244897959183674,0.35919999999999996,0.004689989339007071
0.9081632653061225,0.7346938775510203,0.3363,0.0038027621540138393
0.9081632653061225,0.7448979591836735,0.32799999999999996,0.005727128425310542
0.9081632653061225,0.7551020408163265,0.31609999999999994,0.005543374423579916
0.9081632653061225,0.7653061224489797,0.30640000000000006,0.007515583809658433
0.9081632653061225,0.7755102040816326,0.29789999999999994,0.004075414089390185
0.9081632653061225,0.7857142857142857,0.29100000000000004,0.004017461885320131
0.9081632653061225,0.7959183673469388,0.28230000000000005,0.004514532090925921
0.9081632653061225,0.8061224489795918,0.2719,0.0041459618908041085
0.9081632653061225,0.8163265306122449,0.2689,0.004784244977005251
0.9081632653061225,0.826530612244898,0.25129999999999997,0.0023325951213187444
0.9081632653061225,0.8367346938775511,0.25520000000000004,0.003981959316718343
0.9081632653061225,0.846938775510204,0.2486,0.003496283741345946
0.9081632653061225,0.8571428571428572,0.24270000000000005,0.004658433213001986
0.9081632653061225,0.8673469387755102,0.24370000000000003,0.0028215244106688155
0.9081632653061225,0.8775510204081634,0.23010000000000003,0.0039024351371931857
0.9081632653061225,0.8877551020408163,0.22490000000000002,0.002174626404695758
0.9081632653061225,0.8979591836734694,0.2222,0.0025876630383417413
0.9081632653061225,0.9081632653061225,0.21070000000000003,0.003111430539157189
0.9183673469387755,0.5,1.0,0.0
0.9183673469387755,0.5102040816326531,1.0,0.0
0.9183673469387755,0.5204081632653061,1.0,0.0
0.9183673469387755,0.5306122448979592,1.0,0.0
0.9183673469387755,0.5408163265306123,1.0,0.0
0.9183673469387755,0.5510204081632653,1.0,0.0
0.9183673469387755,0.5612244897959183,1.0,0.0
0.9183673469387755,0.5714285714285714,1.0,0.0
0.9183673469387755,0.5816326530612245,0.9656,0.017244245416949966
0.9183673469387755,0.5918367346938775,0.8156000000000001,0.007136105380387814
0.9183673469387755,0.6020408163265306,0.7333,0.009970005015043875
0.9183673469387755,0.6122448979591837,0.6491,0.017347305266236603
0.9183673469387755,0.6224489795918368,0.6023,0.008284986421232085
0.9183673469387755,0.6326530612244898,0.5610999999999999,0.007786462611481538
0.9183673469387755,0.6428571428571429,0.5291,0.004654997314714589
0.9183673469387755,0.653061224489796,0.518,0.005583905443325491
0.9183673469387755,0.6632653061224489,0.4634999999999999,0.005817645571878711
0.9183673469387755,0.673469387755102,0.445,0.009177145525706781
0.9183673469387755,0.6836734693877551,0.4327,0.00552458143210868
0.9183673469387755,0.6938775510204082,0.4199,0.004482075412127732
0.9183673469387755,0.7040816326530612,0.4022,0.005088811256079359
0.9183673469387755,0.7142857142857143,0.37910000000000005,0.0037160462860411237
0.9183673469387755,0.7244897959183674,0.3582,0.0032087380697090246
0.9183673469387755,0.7346938775510204,0.34520000000000006,0.0044063590412039685
0.9183673469387755,0.7448979591836735,0.32920000000000005,0.005061225148123722
0.9183673469387755,0.7551020408163265,0.33369999999999994,0.003240524648880175
0.9183673469387755,0.7653061224489797,0.325,0.0035580893749314396
0.9183673469387755,0.7755102040816326,0.31259999999999993,0.005623522028053238
0.9183673469387755,0.7857142857142858,0.2994,0.005103332244720113
0.9183673469387755,0.7959183673469388,0.2897,0.0036852408333784606
0.9183673469387755,0.8061224489795918,0.2813,0.004113514312604245
0.9183673469387755,0.8163265306122449,0.27390000000000003,0.0033777211252559005
0.9183673469387755,0.826530612244898,0.271,0.00207364413533277
0.9183673469387755,0.8367346938775511,0.268,0.002660826939130016
0.9183673469387755,0.846938775510204,0.2562,0.004260985801431405
0.9183673469387755,0.8571428571428572,0.2528,0.0028277199295545547
0.9183673469387755,0.8673469387755102,0.24400000000000005,0.0025729360660537224
0.9183673469387755,0.8775510204081634,0.24860000000000002,0.0031502380862404667
0.9183673469387755,0.8877551020408163,0.22999999999999998,0.0018055470085267774
0.9183673469387755,0.8979591836734694,0.23110000000000003,0.0023767625039115706
0.9183673469387755,0.9081632653061225,0.22210000000000002,0.0026017301935442904
0.9183673469387755,0.9183673469387755,0.22150000000000003,0.0028504385627478473
0.9285714285714286,0.5,1.0,0.0
0.9285714285714286,0.5102040816326531,1.0,0.0
0.9285714285714286,0.5204081632653061,1.0,0.0
0.9285714285714286,0.5306122448979592,1.0,0.0
0.9285714285714286,0.5408163265306123,1.0,0.0
0.9285714285714286,0.5510204081632653,1.0,0.0
0.9285714285714286,0.5612244897959183,1.0,0.0
0.9285714285714286,0.5714285714285714,1.0,0.0
0.9285714285714286,0.5816326530612245,0.9545999999999999,0.018555969389929487
0.9285714285714286,0.5918367346938775,0.8171000000000002,0.01186123939561123
0.9285714285714286,0.6020408163265306,0.7241,0.008168782038957828
0.9285714285714286,0.6122448979591837,0.6838,0.010589428690916234
0.9285714285714286,0.6224489795918368,0.6101,0.006367809670522515
0.9285714285714286,0.6326530612244898,0.5846,0.008209993909863756
0.9285714285714286,0.6428571428571428,0.5359999999999998,0.011076100396800305
0.9285714285714286,0.653061224489796,0.5136999999999999,0.007692918821877694
0.9285714285714286,0.6632653061224489,0.4859000000000001,0.007347720735030695
0.9285714285714286,0.6734693877551021,0.472,0.005075431016179807
0.9285714285714286,0.6836734693877551,0.4422,0.00710886770168077
0.9285714285714286,0.6938775510204082,0.40570000000000006,0.005837893455691014
0.9285714285714286,0.7040816326530612,0.41319999999999996,0.007666550723760977
0.9285714285714286,0.7142857142857143,0.3848,0.0044783925687684
0.9285714285714286,0.7244897959183674,0.3792999999999999,0.00599841645769948
0.9285714285714286,0.7346938775510204,0.3559,0.007226963401041961
0.9285714285714286,0.7448979591836735,0.34689999999999993,0.002439057194901336
0.9285714285714286,0.7551020408163265,0.3436,0.0032747518989993687
0.9285714285714286,0.7653061224489797,0.3337,0.004270948372434393
0.9285714285714286,0.7755102040816326,0.3186,0.005198461310811114
0.9285714285714286,0.7857142857142857,0.3071,0.0034769239278419684
0.9285714285714286,0.7959183673469388,0.3067,0.005244139586242914
0.9285714285714286,0.8061224489795918,0.29910000000000003,0.004550714229656703
0.9285714285714286,0.8163265306122449,0.2839,0.003141496458696072
0.9285714285714286,0.826530612244898,0.2862,0.0033905751724449323
0.9285714285714286,0.8367346938775511,0.2717,0.0049336598991012726
0.9285714285714286,0.8469387755102041,0.2702,0.0032765835866035834
0.9285714285714286,0.8571428571428572,0.2638000000000001,0.0041684529504361694
0.9285714285714286,0.8673469387755102,0.2526,0.003003997336882977
0.9285714285714286,0.8775510204081634,0.2516,0.0021033306920215868
0.9285714285714286,0.8877551020408163,0.24710000000000001,0.0029204451715449144
0.9285714285714286,0.8979591836734695,0.2452,0.0025487251715318395
0.9285714285714286,0.9081632653061225,0.24069999999999997,0.002821524410668814
0.9285714285714286,0.9183673469387755,0.22970000000000002,0.002884614358974176
0.9285714285714286,0.9285714285714286,0.22999999999999998,0.0024535688292770586
0.9387755102040816,0.5,1.0,0.0
0.9387755102040816,0.5102040816326531,1.0,0.0
0.9387755102040816,0.5204081632653061,1.0,0.0
0.9387755102040816,0.5306122448979592,1.0,0.0
0.9387755102040816,0.5408163265306123,1.0,0.0
0.9387755102040816,0.5510204081632653,1.0,0.0
0.9387755102040816,0.5612244897959183,1.0,0.0
0.9387755102040816,0.5714285714285714,1.0,0.0
0.9387755102040816,0.5816326530612245,0.9777000000000001,0.01501868835817562
0.9387755102040816,0.5918367346938775,0.8172,0.012180968762787297
0.9387755102040816,0.6020408163265306,0.7635,0.012862542516936535
0.9387755102040816,0.6122448979591837,0.6871,0.010519933459865601
0.9387755102040816,0.6224489795918368,0.6229,0.01020632157047778
0.9387755102040816,0.6326530612244898,0.5957,0.005049851482964628
0.9387755102040816,0.6428571428571428,0.5555,0.007194789781501602
0.9387755102040816,0.6530612244897959,0.5136000000000001,0.006905360236801559
0.9387755102040816,0.6632653061224489,0.4956999999999999,0.005656942637149509
0.9387755102040816,0.673469387755102,0.4646,0.005124841460962472
0.9387755102040816,0.6836734693877551,0.4497,0.006673904404469695
0.9387755102040816,0.6938775510204082,0.4337000000000001,0.008176857587117437
0.9387755102040816,0.7040816326530612,0.41370000000000007,0.004804268935020183
0.9387755102040816,0.7142857142857142,0.39,0.005003998401278719
0.9387755102040816,0.7244897959183674,0.3919,0.004618333032599532
0.9387755102040816,0.7346938775510203,0.3747,0.002293686988235319
0.9387755102040816,0.7448979591836734,0.36069999999999997,0.0031970298716152146
0.9387755102040816,0.7551020408163265,0.3433,0.0026345777650318048
0.9387755102040816,0.7653061224489796,0.33790000000000003,0.004364516009822851
0.9387755102040816,0.7755102040816326,0.3323,0.003203279569441293
0.9387755102040816,0.7857142857142857,0.31279999999999997,0.004016964027720441
0.9387755102040816,0.7959183673469388,0.3097,0.004578318468608319
0.9387755102040816,0.8061224489795917,0.3021,0.0031763186238159408
0.9387755102040816,0.8163265306122448,0.2978,0.0038569417937013256
0.9387755102040816,0.8265306122448979,0.28729999999999994,0.002498199351533017
0.9387755102040816,0.8367346938775511,0.2832,0.0020039960079800494
0.9387755102040816,0.846938775510204,0.27830000000000005,0.003575052447167729
0.9387755102040816,0.8571428571428571,0.2686,0.003053522555999872
0.9387755102040816,0.8673469387755102,0.2674,0.0031279386183235736
0.9387755102040816,0.8775510204081631,0.2585,0.0025149552679918606
0.9387755102040816,0.8877551020408163,0.2618,0.0025329824318380124
0.9387755102040816,0.8979591836734693,0.2528,0.001993990972898324
0.9387755102040816,0.9081632653061225,0.24670000000000006,0.0024374166652421183
0.9387755102040816,0.9183673469387754,0.23579999999999995,0.002469007897921754
0.9387755102040816,0.9285714285714285,0.24749999999999997,0.002122498527679114
0.9387755102040816,0.9387755102040816,0.238,0.0021817424229271416
0.9489795918367347,0.5,1.0,0.0
0.9489795918367347,0.5102040816326531,1.0,0.0
0.9489795918367347,0.5204081632653061,1.0,0.0
0.9489795918367347,0.5306122448979592,1.0,0.0
0.9489795918367347,0.5408163265306123,1.0,0.0
0.9489795918367347,0.5510204081632653,1.0,0.0
0.9489795918367347,0.5612244897959183,1.0,0.0
0.9489795918367347,0.5714285714285714,1.0,0.0
0.9489795918367347,0.5816326530612245,0.9833999999999999,0.010559545444762283
0.9489795918367347,0.5918367346938775,0.8356999999999999,0.009393668080148456
0.9489795918367347,0.6020408163265306,0.7550000000000001,0.010085633346498384
0.9489795918367347,0.6122448979591837,0.7147000000000001,0.010539497141704624
0.9489795918367347,0.6224489795918368,0.6317999999999999,0.007456272527208222
0.9489795918367347,0.6326530612244898,0.5872999999999999,0.004089131937220909
0.9489795918367347,0.6428571428571429,0.5662,0.007538965446266473
0.9489795918367347,0.653061224489796,0.5403,0.007141498442203849
0.9489795918367347,0.6632653061224489,0.49960000000000004,0.005767495123535004
0.9489795918367347,0.6734693877551021,0.47519999999999996,0.007257823365169478
0.9489795918367347,0.6836734693877551,0.4476,0.0067367648021880635
0.9489795918367347,0.6938775510204082,0.45420000000000005,0.006365217985269631
0.9489795918367347,0.7040816326530612,0.41839999999999994,0.007102393962601624
0.9489795918367347,0.7142857142857143,0.4035,0.00439602092806665
0.9489795918367347,0.7244897959183674,0.3887,0.005147912198163442
0.9489795918367347,0.7346938775510204,0.38370000000000004,0.0036634683020329278
0.9489795918367347,0.7448979591836735,0.3707,0.0035186645193880047
0.9489795918367347,0.7551020408163266,0.3559,0.0031857495193439176
0.9489795918367347,0.7653061224489797,0.3433,0.0030167863696324224
0.9489795918367347,0.7755102040816326,0.3415,0.0036749149650025866
0.9489795918367347,0.7857142857142858,0.33140000000000003,0.001266491215919006
0.9489795918367347,0.7959183673469388,0.322,0.0031400636936215194
0.9489795918367347,0.8061224489795918,0.3168,0.002340085468524603
0.9489795918367347,0.8163265306122449,0.3051,0.0035817593442329454
0.9489795918367347,0.826530612244898,0.3012,0.004185212061532844
0.9489795918367347,0.8367346938775511,0.2929,0.0036012497830614264
0.9489795918367347,0.8469387755102041,0.28769999999999996,0.004054750300573387
0.9489795918367347,0.8571428571428572,0.2805,0.0019300259065618735
0.9489795918367347,0.8673469387755103,0.2786,0.003824133888869475
0.9489795918367347,0.8775510204081634,0.2684,0.0018231840280125333
0.9489795918367347,0.8877551020408163,0.26170000000000004,0.0033288136024716107
0.9489795918367347,0.8979591836734695,0.26389999999999997,0.0021140009460735836
0.9489795918367347,0.9081632653061225,0.2622,0.0026412118430750708
0.9489795918367347,0.9183673469387755,0.25050000000000006,0.002518928343562
0.9489795918367347,0.9285714285714286,0.24739999999999998,0.0029973321470934794
0.9489795918367347,0.9387755102040817,0.24620000000000003,0.002257432169523596
0.9489795918367347,0.9489795918367347,0.2392,0.002469007897921753
0.9591836734693877,0.5,1.0,0.0
0.9591836734693877,0.5102040816326531,1.0,0.0
0.9591836734693877,0.5204081632653061,1.0,0.0
0.9591836734693877,0.5306122448979592,1.0,0.0
0.9591836734693877,0.5408163265306123,1.0,0.0
0.9591836734693877,0.5510204081632653,1.0,0.0
0.9591836734693877,0.5612244897959183,1.0,0.0
0.9591836734693877,0.5714285714285714,1.0,0.0
0.9591836734693877,0.5816326530612245,1.0,0.0
0.9591836734693877,0.5918367346938775,0.8858,0.019193123768683405
0.9591836734693877,0.6020408163265306,0.7884,0.01395077058803563
0.9591836734693877,0.6122448979591837,0.6815,0.0077694916178602
0.9591836734693877,0.6224489795918368,0.6474,0.009391698461939676
0.9591836734693877,0.6326530612244898,0.6129,0.009190701823038333
0.9591836734693877,0.6428571428571428,0.5717,0.005929671154457041
0.9591836734693877,0.6530612244897959,0.5557,0.005031997615261745
0.9591836734693877,0.6632653061224489,0.5194000000000001,0.008597906721987634
0.9591836734693877,0.673469387755102,0.48230000000000006,0.004686256501729282
0.9591836734693877,0.6836734693877551,0.465,0.005720139858430035
0.9591836734693877,0.6938775510204082,0.45070000000000005,0.00295989864691344
0.9591836734693877,0.7040816326530612,0.43359999999999993,0.005694207583149741
0.9591836734693877,0.7142857142857143,0.4093,0.004556424036456656
0.9591836734693877,0.7244897959183674,0.40040000000000003,0.0035276054201114912
0.9591836734693877,0.7346938775510203,0.38570000000000004,0.005870349223001986
0.9591836734693877,0.7448979591836734,0.3829,0.00417240937588823
0.9591836734693877,0.7551020408163265,0.374,0.004249705872175159
0.9591836734693877,0.7653061224489796,0.3547,0.0056054437826099
0.9591836734693877,0.7755102040816326,0.35519999999999996,0.0022529980026622285
0.9591836734693877,0.7857142857142857,0.33879999999999993,0.002928480834835697
0.9591836734693877,0.7959183673469388,0.32780000000000004,0.0033250563904992643
0.9591836734693877,0.8061224489795917,0.3154,0.004259577443831727
0.9591836734693877,0.8163265306122449,0.3215,0.003924920381358073
0.9591836734693877,0.8265306122448979,0.3086,0.003655680511204449
0.9591836734693877,0.836734693877551,0.3021,0.003832623122614589
0.9591836734693877,0.846938775510204,0.2992,0.0028837475617675026
0.9591836734693877,0.8571428571428571,0.2924,0.0030239047604049955
0.9591836734693877,0.8673469387755102,0.28809999999999997,0.0024101867147588328
0.9591836734693877,0.8775510204081631,0.2815,0.0037208869910278068
0.9591836734693877,0.8877551020408163,0.2784,0.002864262557797377
0.9591836734693877,0.8979591836734694,0.27090000000000003,0.002563006047593333
0.9591836734693877,0.9081632653061225,0.26559999999999995,0.0026615784790233053
0.9591836734693877,0.9183673469387754,0.2611,0.0017632356620712972
0.9591836734693877,0.9285714285714286,0.2589,0.002359872877932201
0.9591836734693877,0.9387755102040816,0.25630000000000003,0.0011493476410555697
0.9591836734693877,0.9489795918367346,0.24819999999999998,0.0014127986409959502
0.9591836734693877,0.9591836734693877,0.2472,0.001247397290361015
0.9693877551020409,0.5,1.0,0.0
0.9693877551020409,0.5102040816326531,1.0,0.0
0.9693877551020409,0.5204081632653061,1.0,0.0
0.9693877551020409,0.5306122448979592,1.0,0.0
0.9693877551020409,0.5408163265306123,1.0,0.0
0.9693877551020409,0.5510204081632654,1.0,0.0
0.9693877551020409,0.5612244897959183,1.0,0.0
0.9693877551020409,0.5714285714285714,1.0,0.0
0.9693877551020409,0.5816326530612245,1.0,0.0
0.9693877551020409,0.5918367346938775,0.8674,0.012758683317646846
0.9693877551020409,0.6020408163265306,0.7916000000000001,0.006112609917212125
0.9693877551020409,0.6122448979591837,0.7094,0.009426770390754189
0.9693877551020409,0.6224489795918368,0.6700999999999999,0.007642578099044843
0.9693877551020409,0.6326530612244898,0.6342999999999999,0.009118168675781338
0.9693877551020409,0.6428571428571429,0.5744999999999999,0.00825015151376021
0.9693877551020409,0.653061224489796,0.546,0.004395452195167181
0.9693877551020409,0.6632653061224489,0.5267000000000002,0.006584906984916339
0.9693877551020409,0.6734693877551021,0.5107999999999999,0.009050745825621223
0.9693877551020409,0.6836734693877551,0.47539999999999993,0.00794506135910856
0.9693877551020409,0.6938775510204082,0.44860000000000005,0.004530342150434115
0.9693877551020409,0.7040816326530612,0.4377000000000001,0.005437002850836115
0.9693877551020409,0.7142857142857143,0.42110000000000003,0.005461593174157153
0.9693877551020409,0.7244897959183674,0.4119999999999999,0.004176122603564217
0.9693877551020409,0.7346938775510204,0.40750000000000003,0.0035192328709535508
0.9693877551020409,0.7448979591836735,0.3842,0.005773733627385316
0.9693877551020409,0.7551020408163265,0.3749,0.004452976532612768
0.9693877551020409,0.7653061224489797,0.3643,0.0042191231316471445
0.9693877551020409,0.7755102040816327,0.35009999999999997,0.003257145989973428
0.9693877551020409,0.7857142857142858,0.3481,0.0036971610730396885
0.9693877551020409,0.7959183673469388,0.3352,0.0039339547531714175
0.9693877551020409,0.806122448979592,0.3348,0.004619090819631064
0.9693877551020409,0.8163265306122449,0.3219,0.0031383116480043875
0.9693877551020409,0.826530612244898,0.3234,0.003723439270352079
0.9693877551020409,0.8367346938775511,0.31309999999999993,0.0038638064133701138
0.9693877551020409,0.8469387755102041,0.30210000000000004,0.002334309319691803
0.9693877551020409,0.8571428571428572,0.3006,0.0037448631483673737
0.9693877551020409,0.8673469387755103,0.30019999999999997,0.002369810118975782
0.9693877551020409,0.8775510204081634,0.29119999999999996,0.0024811287753762398
0.9693877551020409,0.8877551020408163,0.2851,0.0016760071598892364
0.9693877551020409,0.8979591836734695,0.2813,0.002097856048445646
0.9693877551020409,0.9081632653061225,0.27859999999999996,0.0027683930356797197
0.9693877551020409,0.9183673469387756,0.26850000000000007,0.0030634947364080803
0.9693877551020409,0.9285714285714286,0.2662,0.002473054791143943
0.9693877551020409,0.9387755102040818,0.2636,0.0019503845774615852
0.9693877551020409,0.9489795918367347,0.259,0.0016613247725836163
0.9693877551020409,0.9591836734693878,0.2599,0.0010339245620450274
0.9693877551020409,0.9693877551020409,0.2537,0.0016736188335460392
0.9795918367346939,0.5,1.0,0.0
0.9795918367346939,0.5102040816326531,1.0,0.0
0.9795918367346939,0.5204081632653061,1.0,0.0
0.9795918367346939,0.5306122448979592,1.0,0.0
0.9795918367346939,0.5408163265306123,1.0,0.0
0.9795918367346939,0.5510204081632653,1.0,0.0
0.9795918367346939,0.5612244897959183,1.0,0.0
0.9795918367346939,0.5714285714285714,1.0,0.0
0.9795918367346939,0.5816326530612245,1.0,0.0
0.9795918367346939,0.5918367346938775,0.9107000000000001,0.010420220727028766
0.9795918367346939,0.6020408163265306,0.7999,0.01378002177066495
0.9795918367346939,0.6122448979591837,0.7217,0.013463320541382055
0.9795918367346939,0.6224489795918368,0.6719999999999999,0.011305750749065712
0.9795918367346939,0.6326530612244898,0.6344000000000001,0.009045661943716456
0.9795918367346939,0.6428571428571428,0.5932,0.010260409348559155
0.9795918367346939,0.653061224489796,0.5687,0.00898337353114073
0.9795918367346939,0.6632653061224489,0.5242,0.0054622339752156395
0.9795918367346939,0.673469387755102,0.5196,0.0046823071236304055
0.9795918367346939,0.6836734693877551,0.4967,0.00483745801015368
0.9795918367346939,0.6938775510204082,0.4652,0.0027085051227568263
0.9795918367346939,0.7040816326530612,0.44810000000000005,0.004013601873629226
0.9795918367346939,0.7142857142857143,0.44139999999999996,0.004954190145725131
0.9795918367346939,0.7244897959183674,0.41690000000000005,0.005113609292857636
0.9795918367346939,0.7346938775510203,0.40210000000000007,0.0056381734630995516
0.9795918367346939,0.7448979591836734,0.39249999999999996,0.005439209501388966
0.9795918367346939,0.7551020408163265,0.37900000000000006,0.0042871902220452075
0.9795918367346939,0.7653061224489797,0.38580000000000003,0.002599230655405559
0.9795918367346939,0.7755102040816326,0.36439999999999995,0.003589428923937625
0.9795918367346939,0.7857142857142857,0.3507,0.0030234086723431868
0.9795918367346939,0.7959183673469388,0.3433,0.0027714617081965923
0.9795918367346939,0.8061224489795918,0.33670000000000005,0.0036497945147638076
0.9795918367346939,0.8163265306122449,0.32830000000000004,0.002731483113621611
0.9795918367346939,0.8265306122448979,0.3304,0.0018176908428002795
0.9795918367346939,0.8367346938775511,0.31880000000000003,0.0026260236099471786
0.9795918367346939,0.846938775510204,0.3126,0.0035304390661785997
0.9795918367346939,0.8571428571428571,0.3111,0.0023767625039115728
0.9795918367346939,0.8673469387755102,0.30460000000000004,0.0019141577782408655
0.9795918367346939,0.8775510204081632,0.29769999999999996,0.0020593688353473757
0.9795918367346939,0.8877551020408163,0.2955,0.002040833163195853
0.9795918367346939,0.8979591836734693,0.2923,0.0014494826663330623
0.9795918367346939,0.9081632653061225,0.2826000000000001,0.0019859506539690206
0.9795918367346939,0.9183673469387755,0.2788,0.001433875866314787
0.9795918367346939,0.9285714285714286,0.27669999999999995,0.0019133739833080141
0.9795918367346939,0.9387755102040816,0.2740000000000001,0.0018220867158288583
0.9795918367346939,0.9489795918367347,0.2674,0.0018286607121059952
0.9795918367346939,0.9591836734693877,0.26580000000000004,0.001247397290361015
0.9795918367346939,0.9693877551020408,0.26070000000000004,0.0013714955340794967
0.9795918367346939,0.9795918367346939,0.2591,0.0013300375934536602
0.9897959183673469,0.5,1.0,0.0
0.9897959183673469,0.5102040816326531,1.0,0.0
0.9897959183673469,0.5204081632653061,1.0,0.0
0.9897959183673469,0.5306122448979592,1.0,0.0
0.9897959183673469,0.5408163265306123,1.0,0.0
0.9897959183673469,0.5510204081632653,1.0,0.0
0.9897959183673469,0.5612244897959183,1.0,0.0
0.9897959183673469,0.5714285714285714,1.0,0.0
0.9897959183673469,0.5816326530612245,1.0,0.0
0.9897959183673469,0.5918367346938775,0.9001999999999999,0.019612139098017844
0.9897959183673469,0.6020408163265306,0.7929999999999999,0.018021653642216078
0.9897959183673469,0.6122448979591837,0.7461,0.006946150012776867
0.9897959183673469,0.6224489795918368,0.6687999999999998,0.008307586893918112
0.9897959183673469,0.6326530612244898,0.6336999999999999,0.006934046437687021
0.9897959183673469,0.6428571428571428,0.5992,0.0053643266119803
0.9897959183673469,0.653061224489796,0.5588,0.00643552639649624
0.9897959183673469,0.6632653061224489,0.5328,0.004880163931672792
0.9897959183673469,0.673469387755102,0.5083,0.00795242101501172
0.9897959183673469,0.6836734693877551,0.4920999999999999,0.0033983819679370975
0.9897959183673469,0.6938775510204082,0.48340000000000005,0.008617656293911938
0.9897959183673469,0.7040816326530612,0.4633,0.0049619552597741125
0.9897959183673469,0.7142857142857143,0.4316999999999999,0.0053722434792179705
0.9897959183673469,0.7244897959183674,0.4250999999999999,0.004124196891517182
0.9897959183673469,0.7346938775510204,0.4142,0.0037437948661752274
0.9897959183673469,0.7448979591836735,0.404,0.0043634848458542815
0.9897959183673469,0.7551020408163265,0.3942,0.0036791303320214117
0.9897959183673469,0.7653061224489796,0.3782,0.0032765835866035856
0.9897959183673469,0.7755102040816326,0.37300000000000005,0.002774887385102324
0.9897959183673469,0.7857142857142857,0.36350000000000005,0.0022594247055390025
0.9897959183673469,0.7959183673469388,0.36,0.00406201920231798
0.9897959183673469,0.8061224489795918,0.34879999999999994,0.0030912780528448073
0.9897959183673469,0.8163265306122449,0.34130000000000005,0.003455575205374638
0.9897959183673469,0.8265306122448979,0.3364,0.0019089263998383955
0.9897959183673469,0.8367346938775511,0.3258,0.002176235281397673
0.9897959183673469,0.846938775510204,0.32060000000000005,0.002040588150509555
0.9897959183673469,0.8571428571428571,0.3176,0.003060065358779125
0.9897959183673469,0.8673469387755102,0.3099,0.0022156263222845155
0.9897959183673469,0.8775510204081634,0.3078,0.002275082416089582
0.9897959183673469,0.8877551020408163,0.29999999999999993,0.0017888543819998333
0.9897959183673469,0.8979591836734694,0.2978,0.0017251086922278275
0.9897959183673469,0.9081632653061225,0.28840000000000005,0.002646507132051599
0.9897959183673469,0.9183673469387754,0.28959999999999997,0.0013798550648528283
0.9897959183673469,0.9285714285714286,0.2832,0.0020089798406156246
0.9897959183673469,0.9387755102040816,0.2791,0.002027066846455731
0.9897959183673469,0.9489795918367347,0.27749999999999997,0.0014017845768876144
0.9897959183673469,0.9591836734693877,0.27520000000000006,0.0015735310610216734
0.9897959183673469,0.9693877551020409,0.2722,0.0018154889148656317
0.9897959183673469,0.9795918367346939,0.26899999999999996,0.001216552506059645
0.9897959183673469,0.9897959183673469,0.26450000000000007,0.0008972179222463187
1.0,0.5,1.0,0.0
1.0,0.5102040816326531,1.0,0.0
1.0,0.5204081632653061,1.0,0.0
1.0,0.5306122448979592,1.0,0.0
1.0,0.5408163265306123,1.0,0.0
1.0,0.5510204081632653,1.0,0.0
1.0,0.5612244897959183,1.0,0.0
1.0,0.5714285714285714,1.0,0.0
1.0,0.5816326530612245,1.0,0.0
1.0,0.5918367346938775,0.9084000000000001,0.016988348948617702
1.0,0.6020408163265306,0.8099000000000002,0.00926655275709365
1.0,0.6122448979591837,0.7365,0.006321787721839453
1.0,0.6224489795918368,0.6811,0.01086043277222413
1.0,0.6326530612244898,0.624,0.011056219968868212
1.0,0.6428571428571428,0.5971,0.006632420372684475
1.0,0.653061224489796,0.5690000000000001,0.0077420927403383565
1.0,0.6632653061224489,0.5391,0.005972352970145015
1.0,0.673469387755102,0.5327,0.007086677641885507
1.0,0.6836734693877551,0.5034,0.005872307893835272
1.0,0.6938775510204082,0.48460000000000003,0.0070088515464375506
1.0,0.7040816326530612,0.465,0.0068425141578224
1.0,0.7142857142857143,0.4476000000000001,0.004231311853314528
1.0,0.7244897959183674,0.4398000000000001,0.0038802061800888915
1.0,0.7346938775510204,0.4203,0.004171450587026052
1.0,0.7448979591836735,0.40820000000000006,0.002120377324911766
1.0,0.7551020408163265,0.39840000000000003,0.0037767711077056256
1.0,0.7653061224489797,0.3972,0.003905892983685035
1.0,0.7755102040816326,0.3787,0.003776373922163962
1.0,0.7857142857142857,0.3661,0.0028441167345944172
1.0,0.7959183673469388,0.3635,0.003056959273526557
1.0,0.8061224489795918,0.3485,0.0028644371174804967
1.0,0.8163265306122449,0.34909999999999997,0.002609406062689359
1.0,0.8265306122448979,0.34259999999999996,0.0029806039656418578
1.0,0.8367346938775511,0.33180000000000004,0.0028064212085857653
1.0,0.846938775510204,0.327,0.003056141357987224
1.0,0.8571428571428572,0.322,0.0013038404810405307
1.0,0.8673469387755102,0.3175,0.0013583077707206136
1.0,0.8775510204081632,0.3111,0.002031994094479609
1.0,0.8877551020408163,0.3088000000000001,0.0023143033509028174
1.0,0.8979591836734694,0.30379999999999996,0.001853645057717363
1.0,0.9081632653061225,0.3023,0.0016373759494996878
1.0,0.9183673469387755,0.2955,0.002122498527679114
1.0,0.9285714285714286,0.2949,0.0023556315501368223
1.0,0.9387755102040816,0.29089999999999994,0.0008420213774008361
1.0,0.9489795918367347,0.28569999999999995,0.0013787675656179294
1.0,0.9591836734693877,0.28270000000000006,0.0016312571838922219
1.0,0.9693877551020409,0.2787,0.001131812705353668
1.0,0.9795918367346939,0.27620000000000006,0.000846167832052248
1.0,0.9897959183673469,0.2725000000000001,0.00043011626335213174
1.0,1.0,0.27,0.0
