#Time elapsed: 9649.28251361847
#alpha: 0.27, px1: 0.25, px2: 0.25, T max: 2000, std: 1, n realizations: 10, n nodes: 1000, mu: 3, ns: 50
#s1_s2_x_errx
0.5,nan,0.3336,0.001919374898241614
0.5102040816326531,0.5,1.0,0.0
0.5102040816326531,0.5102040816326531,0.0,0.0
0.5204081632653061,0.5,1.0,0.0
0.5204081632653061,0.5102040816326531,0.2,0.1264911064067352
0.5204081632653061,0.5204081632653061,0.0,0.0
0.5306122448979592,0.5,1.0,0.0
0.5306122448979592,0.5102040816326531,0.7,0.14491376746189438
0.5306122448979592,0.5204081632653061,0.0,0.0
0.5306122448979592,0.5306122448979592,0.0,0.0
0.5408163265306123,0.5,1.0,0.0
0.5408163265306123,0.5102040816326531,1.0,0.0
0.5408163265306123,0.5204081632653061,0.0,0.0
0.5408163265306123,0.5306122448979592,0.0,0.0
0.5408163265306123,0.5408163265306123,0.0,0.0
0.5510204081632653,0.5,1.0,0.0
0.5510204081632653,0.5102040816326531,1.0,0.0
0.5510204081632653,0.5204081632653061,0.31479999999999997,0.1298760793987869
0.5510204081632653,0.5306122448979591,0.0,0.0
0.5510204081632653,0.5408163265306122,0.0,0.0
0.5510204081632653,0.5510204081632653,0.0,0.0
0.5612244897959183,0.5,1.0,0.0
0.5612244897959183,0.5102040816326531,1.0,0.0
0.5612244897959183,0.5204081632653061,0.9786999999999999,0.020206954248475944
0.5612244897959183,0.5306122448979591,0.0,0.0
0.5612244897959183,0.5408163265306122,0.0,0.0
0.5612244897959183,0.5510204081632653,0.0,0.0
0.5612244897959183,0.5612244897959183,0.0,0.0
0.5714285714285714,0.5,1.0,0.0
0.5714285714285714,0.5102040816326531,1.0,0.0
0.5714285714285714,0.5204081632653061,1.0,0.0
0.5714285714285714,0.5306122448979592,0.0,0.0
0.5714285714285714,0.5408163265306122,0.0,0.0
0.5714285714285714,0.5510204081632653,0.0,0.0
0.5714285714285714,0.5612244897959183,0.0,0.0
0.5714285714285714,0.5714285714285714,0.0,0.0
0.5816326530612245,0.5,1.0,0.0
0.5816326530612245,0.5102040816326531,1.0,0.0
0.5816326530612245,0.5204081632653061,1.0,0.0
0.5816326530612245,0.5306122448979592,0.6961,0.1112645001786284
0.5816326530612245,0.5408163265306123,0.0,0.0
0.5816326530612245,0.5510204081632653,0.0,0.0
0.5816326530612245,0.5612244897959183,0.0,0.0
0.5816326530612245,0.5714285714285714,0.0,0.0
0.5816326530612245,0.5816326530612245,0.0,0.0
0.5918367346938775,0.5,1.0,0.0
0.5918367346938775,0.5102040816326531,1.0,0.0
0.5918367346938775,0.5204081632653061,1.0,0.0
0.5918367346938775,0.5306122448979592,1.0,0.0
0.5918367346938775,0.5408163265306123,0.014199999999999999,0.013471302832317292
0.5918367346938775,0.5510204081632653,0.0,0.0
0.5918367346938775,0.5612244897959183,0.0,0.0
0.5918367346938775,0.5714285714285714,0.0,0.0
0.5918367346938775,0.5816326530612245,0.0,0.0
0.5918367346938775,0.5918367346938775,0.0,0.0
0.6020408163265306,0.5,1.0,0.0
0.6020408163265306,0.5102040816326531,1.0,0.0
0.6020408163265306,0.5204081632653061,1.0,0.0
0.6020408163265306,0.5306122448979592,1.0,0.0
0.6020408163265306,0.5408163265306123,0.3350000000000001,0.05148067598623779
0.6020408163265306,0.5510204081632653,0.0,0.0
0.6020408163265306,0.5612244897959183,0.0,0.0
0.6020408163265306,0.5714285714285714,0.0,0.0
0.6020408163265306,0.5816326530612245,0.0,0.0
0.6020408163265306,0.5918367346938775,0.0,0.0
0.6020408163265306,0.6020408163265306,0.0,0.0
0.6122448979591837,0.5,1.0,0.0
0.6122448979591837,0.5102040816326531,1.0,0.0
0.6122448979591837,0.5204081632653061,1.0,0.0
0.6122448979591837,0.5306122448979592,1.0,0.0
0.6122448979591837,0.5408163265306123,0.7451,0.07334636323635957
0.6122448979591837,0.5510204081632653,0.0629,0.036368241640200305
0.6122448979591837,0.5612244897959183,0.0,0.0
0.6122448979591837,0.5714285714285714,0.0,0.0
0.6122448979591837,0.5816326530612245,0.0,0.0
0.6122448979591837,0.5918367346938775,0.0,0.0
0.6122448979591837,0.6020408163265306,0.0,0.0
0.6122448979591837,0.6122448979591837,0.0,0.0
0.6224489795918368,0.5,1.0,0.0
0.6224489795918368,0.5102040816326531,1.0,0.0
0.6224489795918368,0.5204081632653061,1.0,0.0
0.6224489795918368,0.5306122448979592,1.0,0.0
0.6224489795918368,0.5408163265306123,0.9629,0.033442622504821586
0.6224489795918368,0.5510204081632654,0.20249999999999999,0.060204360307206974
0.6224489795918368,0.5612244897959184,0.0,0.0
0.6224489795918368,0.5714285714285714,0.0,0.0
0.6224489795918368,0.5816326530612245,0.0,0.0
0.6224489795918368,0.5918367346938775,0.0,0.0
0.6224489795918368,0.6020408163265306,0.0,0.0
0.6224489795918368,0.6122448979591837,0.0,0.0
0.6224489795918368,0.6224489795918368,0.0,0.0
0.6326530612244898,0.5,1.0,0.0
0.6326530612244898,0.5102040816326531,1.0,0.0
0.6326530612244898,0.5204081632653061,1.0,0.0
0.6326530612244898,0.5306122448979592,1.0,0.0
0.6326530612244898,0.5408163265306123,1.0,0.0
0.6326530612244898,0.5510204081632654,0.4138,0.032936545052570404
0.6326530612244898,0.5612244897959184,0.0698,0.03783167984639328
0.6326530612244898,0.5714285714285714,0.0,0.0
0.6326530612244898,0.5816326530612245,0.0,0.0
0.6326530612244898,0.5918367346938775,0.0,0.0
0.6326530612244898,0.6020408163265306,0.0,0.0
0.6326530612244898,0.6122448979591837,0.0,0.0
0.6326530612244898,0.6224489795918368,0.0,0.0
0.6326530612244898,0.6326530612244898,0.0,0.0
0.6428571428571428,0.5,1.0,0.0
0.6428571428571428,0.5102040816326531,1.0,0.0
0.6428571428571428,0.5204081632653061,1.0,0.0
0.6428571428571428,0.5306122448979592,1.0,0.0
0.6428571428571428,0.5408163265306122,1.0,0.0
0.6428571428571428,0.5510204081632653,0.6669,0.058073995901780334
0.6428571428571428,0.5612244897959183,0.3452,0.012693935559943574
0.6428571428571428,0.5714285714285714,0.08209999999999999,0.033194412180365535
0.6428571428571428,0.5816326530612245,0.0,0.0
0.6428571428571428,0.5918367346938775,0.0,0.0
0.6428571428571428,0.6020408163265306,0.0,0.0
0.6428571428571428,0.6122448979591836,0.0,0.0
0.6428571428571428,0.6224489795918366,0.0,0.0
0.6428571428571428,0.6326530612244897,0.0,0.0
0.6428571428571428,0.6428571428571428,0.0,0.0
0.653061224489796,0.5,1.0,0.0
0.653061224489796,0.5102040816326531,1.0,0.0
0.653061224489796,0.5204081632653061,1.0,0.0
0.653061224489796,0.5306122448979592,1.0,0.0
0.653061224489796,0.5408163265306123,1.0,0.0
0.653061224489796,0.5510204081632654,0.8186,0.050794527264263416
0.653061224489796,0.5612244897959184,0.4713,0.029407839090963485
0.653061224489796,0.5714285714285714,0.2739,0.020091017893576223
0.653061224489796,0.5816326530612246,0.0,0.0
0.653061224489796,0.5918367346938775,0.0,0.0
0.653061224489796,0.6020408163265306,0.0,0.0
0.653061224489796,0.6122448979591837,0.0,0.0
0.653061224489796,0.6224489795918368,0.0,0.0
0.653061224489796,0.6326530612244898,0.0,0.0
0.653061224489796,0.6428571428571429,0.0,0.0
0.653061224489796,0.653061224489796,0.0,0.0
0.6632653061224489,0.5,1.0,0.0
0.6632653061224489,0.5102040816326531,1.0,0.0
0.6632653061224489,0.5204081632653061,1.0,0.0
0.6632653061224489,0.5306122448979592,1.0,0.0
0.6632653061224489,0.5408163265306123,1.0,0.0
0.6632653061224489,0.5510204081632653,0.9707000000000001,0.021529537849196853
0.6632653061224489,0.5612244897959183,0.5263,0.029999016650550395
0.6632653061224489,0.5714285714285714,0.3835,0.037264259015845194
0.6632653061224489,0.5816326530612245,0.21549999999999997,0.04019483797703381
0.6632653061224489,0.5918367346938775,0.0055,0.005217758139277826
0.6632653061224489,0.6020408163265306,0.0,0.0
0.6632653061224489,0.6122448979591837,0.0,0.0
0.6632653061224489,0.6224489795918366,0.0,0.0
0.6632653061224489,0.6326530612244898,0.0,0.0
0.6632653061224489,0.6428571428571428,0.0,0.0
0.6632653061224489,0.6530612244897959,0.0,0.0
0.6632653061224489,0.6632653061224489,0.0,0.0
0.673469387755102,0.5,1.0,0.0
0.673469387755102,0.5102040816326531,1.0,0.0
0.673469387755102,0.5204081632653061,1.0,0.0
0.673469387755102,0.5306122448979592,1.0,0.0
0.673469387755102,0.5408163265306123,1.0,0.0
0.673469387755102,0.5510204081632653,1.0,0.0
0.673469387755102,0.5612244897959183,0.6524000000000001,0.027008220970660024
0.673469387755102,0.5714285714285714,0.44419999999999993,0.0381231688084818
0.673469387755102,0.5816326530612245,0.30169999999999997,0.028606660063698455
0.673469387755102,0.5918367346938775,0.16099999999999998,0.03103578579639961
0.673469387755102,0.6020408163265306,0.0208,0.019732612599450684
0.673469387755102,0.6122448979591837,0.0,0.0
0.673469387755102,0.6224489795918368,0.0,0.0
0.673469387755102,0.6326530612244898,0.0,0.0
0.673469387755102,0.6428571428571428,0.0,0.0
0.673469387755102,0.6530612244897959,0.0,0.0
0.673469387755102,0.6632653061224489,0.0,0.0
0.673469387755102,0.673469387755102,0.0,0.0
0.6836734693877551,0.5,1.0,0.0
0.6836734693877551,0.5102040816326531,1.0,0.0
0.6836734693877551,0.5204081632653061,1.0,0.0
0.6836734693877551,0.5306122448979592,1.0,0.0
0.6836734693877551,0.5408163265306123,1.0,0.0
0.6836734693877551,0.5510204081632653,1.0,0.0
0.6836734693877551,0.5612244897959183,0.7194,0.04313819653161221
0.6836734693877551,0.5714285714285714,0.4909,0.02411657106638504
0.6836734693877551,0.5816326530612245,0.34669999999999995,0.024692934212037252
0.6836734693877551,0.5918367346938775,0.2753,0.011609521953982427
0.6836734693877551,0.6020408163265306,0.0946,0.02393039907732422
0.6836734693877551,0.6122448979591837,0.0,0.0
0.6836734693877551,0.6224489795918368,0.0,0.0
0.6836734693877551,0.6326530612244898,0.0,0.0
0.6836734693877551,0.6428571428571428,0.0,0.0
0.6836734693877551,0.653061224489796,0.0,0.0
0.6836734693877551,0.6632653061224489,0.0,0.0
0.6836734693877551,0.673469387755102,0.0,0.0
0.6836734693877551,0.6836734693877551,0.0,0.0
0.6938775510204082,0.5,1.0,0.0
0.6938775510204082,0.5102040816326531,1.0,0.0
0.6938775510204082,0.5204081632653061,1.0,0.0
0.6938775510204082,0.5306122448979592,1.0,0.0
0.6938775510204082,0.5408163265306123,1.0,0.0
0.6938775510204082,0.5510204081632653,1.0,0.0
0.6938775510204082,0.5612244897959183,0.7585,0.04172894678757181
0.6938775510204082,0.5714285714285714,0.5334000000000001,0.0180804867191124
0.6938775510204082,0.5816326530612245,0.44559999999999994,0.025858924958319516
0.6938775510204082,0.5918367346938775,0.3038,0.029149888507505474
0.6938775510204082,0.6020408163265306,0.24930000000000002,0.020326362192974914
0.6938775510204082,0.6122448979591837,0.08249999999999999,0.020782324220356103
0.6938775510204082,0.6224489795918368,0.0,0.0
0.6938775510204082,0.6326530612244898,0.0,0.0
0.6938775510204082,0.6428571428571428,0.0,0.0
0.6938775510204082,0.653061224489796,0.0,0.0
0.6938775510204082,0.6632653061224489,0.0,0.0
0.6938775510204082,0.673469387755102,0.0,0.0
0.6938775510204082,0.6836734693877551,0.0,0.0
0.6938775510204082,0.6938775510204082,0.0,0.0
0.7040816326530612,0.5,1.0,0.0
0.7040816326530612,0.5102040816326531,1.0,0.0
0.7040816326530612,0.5204081632653061,1.0,0.0
0.7040816326530612,0.5306122448979592,1.0,0.0
0.7040816326530612,0.5408163265306123,1.0,0.0
0.7040816326530612,0.5510204081632653,1.0,0.0
0.7040816326530612,0.5612244897959183,0.9162000000000001,0.04049241904356913
0.7040816326530612,0.5714285714285714,0.5956999999999999,0.023032607320926567
0.7040816326530612,0.5816326530612245,0.4644000000000001,0.028553878895869824
0.7040816326530612,0.5918367346938775,0.33109999999999995,0.01805904205654331
0.7040816326530612,0.6020408163265306,0.30339999999999995,0.017729749011195842
0.7040816326530612,0.6122448979591837,0.1928,0.02195850632442926
0.7040816326530612,0.6224489795918368,0.07339999999999999,0.025045638342833264
0.7040816326530612,0.6326530612244898,0.0711,0.023104306957794685
0.7040816326530612,0.6428571428571428,0.0114,0.009432072942890127
0.7040816326530612,0.653061224489796,0.0,0.0
0.7040816326530612,0.6632653061224489,0.0,0.0
0.7040816326530612,0.673469387755102,0.0,0.0
0.7040816326530612,0.6836734693877551,0.0,0.0
0.7040816326530612,0.6938775510204082,0.0,0.0
0.7040816326530612,0.7040816326530612,0.0,0.0
0.7142857142857143,0.5,1.0,0.0
0.7142857142857143,0.5102040816326531,1.0,0.0
0.7142857142857143,0.5204081632653061,1.0,0.0
0.7142857142857143,0.5306122448979592,1.0,0.0
0.7142857142857143,0.5408163265306123,1.0,0.0
0.7142857142857143,0.5510204081632653,1.0,0.0
0.7142857142857143,0.5612244897959183,0.9762000000000001,0.019441090504393004
0.7142857142857143,0.5714285714285714,0.6496999999999999,0.01723371695253232
0.7142857142857143,0.5816326530612245,0.5045000000000001,0.016820374549932
0.7142857142857143,0.5918367346938775,0.43899999999999995,0.026878988076190664
0.7142857142857143,0.6020408163265306,0.33540000000000003,0.022147324894894193
0.7142857142857143,0.6122448979591837,0.2919,0.01405734683359559
0.7142857142857143,0.6224489795918368,0.18029999999999996,0.019589308308360455
0.7142857142857143,0.6326530612244898,0.12800000000000003,0.026986292816909844
0.7142857142857143,0.6428571428571428,0.05289999999999999,0.017801938096735418
0.7142857142857143,0.653061224489796,0.0095,0.009012491331479881
0.7142857142857143,0.6632653061224489,0.0094,0.008917623001674828
0.7142857142857143,0.6734693877551021,0.0,0.0
0.7142857142857143,0.6836734693877551,0.0,0.0
0.7142857142857143,0.6938775510204082,0.0,0.0
0.7142857142857143,0.7040816326530612,0.0,0.0
0.7142857142857143,0.7142857142857143,0.0,0.0
0.7244897959183674,0.5,1.0,0.0
0.7244897959183674,0.5102040816326531,1.0,0.0
0.7244897959183674,0.5204081632653061,1.0,0.0
0.7244897959183674,0.5306122448979592,1.0,0.0
0.7244897959183674,0.5408163265306123,1.0,0.0
0.7244897959183674,0.5510204081632653,1.0,0.0
0.7244897959183674,0.5612244897959183,1.0,0.0
0.7244897959183674,0.5714285714285714,0.667,0.026330210785331737
0.7244897959183674,0.5816326530612245,0.5513,0.02917089302712551
0.7244897959183674,0.5918367346938775,0.45919999999999994,0.01701810800294792
0.7244897959183674,0.6020408163265306,0.38309999999999994,0.014240400275273162
0.7244897959183674,0.6122448979591837,0.3105,0.01862162721139052
0.7244897959183674,0.6224489795918368,0.24169999999999997,0.015021351470490262
0.7244897959183674,0.6326530612244898,0.19490000000000002,0.007899936708607228
0.7244897959183674,0.6428571428571429,0.15,0.0202538885155419
0.7244897959183674,0.653061224489796,0.1315,0.016083687388158227
0.7244897959183674,0.6632653061224489,0.0169,0.01071676257085133
0.7244897959183674,0.6734693877551021,0.0046,0.004363943171032364
0.7244897959183674,0.6836734693877551,0.0,0.0
0.7244897959183674,0.6938775510204082,0.0,0.0
0.7244897959183674,0.7040816326530612,0.0,0.0
0.7244897959183674,0.7142857142857143,0.0,0.0
0.7244897959183674,0.7244897959183674,0.0,0.0
0.7346938775510204,0.5,1.0,0.0
0.7346938775510204,0.5102040816326531,1.0,0.0
0.7346938775510204,0.5204081632653061,1.0,0.0
0.7346938775510204,0.5306122448979592,1.0,0.0
0.7346938775510204,0.5408163265306123,1.0,0.0
0.7346938775510204,0.5510204081632654,1.0,0.0
0.7346938775510204,0.5612244897959183,1.0,0.0
0.7346938775510204,0.5714285714285714,0.7704,0.033012785402022654
0.7346938775510204,0.5816326530612245,0.5866,0.022161768882469644
0.7346938775510204,0.5918367346938775,0.4664,0.02134909834161621
0.7346938775510204,0.6020408163265306,0.41480000000000006,0.01349874068200438
0.7346938775510204,0.6122448979591837,0.348,0.015173002339682148
0.7346938775510204,0.6224489795918368,0.2898,0.008625311588574639
0.7346938775510204,0.6326530612244898,0.229,0.010490948479522717
0.7346938775510204,0.6428571428571429,0.18449999999999997,0.014882372122749786
0.7346938775510204,0.653061224489796,0.172,0.016665533294797377
0.7346938775510204,0.6632653061224489,0.11839999999999999,0.01033653713774589
0.7346938775510204,0.6734693877551021,0.0649,0.019317582664505412
0.7346938775510204,0.6836734693877551,0.0259,0.014603047627122221
0.7346938775510204,0.6938775510204082,0.0079,0.007494598054599056
0.7346938775510204,0.7040816326530612,0.0,0.0
0.7346938775510204,0.7142857142857143,0.0,0.0
0.7346938775510204,0.7244897959183674,0.0,0.0
0.7346938775510204,0.7346938775510204,0.0,0.0
0.7448979591836735,0.5,1.0,0.0
0.7448979591836735,0.5102040816326531,1.0,0.0
0.7448979591836735,0.5204081632653061,1.0,0.0
0.7448979591836735,0.5306122448979592,1.0,0.0
0.7448979591836735,0.5408163265306123,1.0,0.0
0.7448979591836735,0.5510204081632654,1.0,0.0
0.7448979591836735,0.5612244897959184,1.0,0.0
0.7448979591836735,0.5714285714285714,0.8005000000000001,0.03309509027031048
0.7448979591836735,0.5816326530612245,0.6205,0.0277968523397884
0.7448979591836735,0.5918367346938775,0.5103000000000001,0.012397620739480619
0.7448979591836735,0.6020408163265306,0.4234,0.02017384445265701
0.7448979591836735,0.6122448979591837,0.3802,0.01080536903580808
0.7448979591836735,0.6224489795918368,0.3153,0.011796652067429981
0.7448979591836735,0.6326530612244898,0.2951,0.012191349392089457
0.7448979591836735,0.6428571428571429,0.23729999999999998,0.01049766640734978
0.7448979591836735,0.653061224489796,0.21989999999999998,0.010899036654677327
0.7448979591836735,0.6632653061224489,0.183,0.007798717843338095
0.7448979591836735,0.6734693877551021,0.12420000000000002,0.022004908543322783
0.7448979591836735,0.6836734693877551,0.1232,0.017490454539548134
0.7448979591836735,0.6938775510204082,0.0603,0.02009330734349126
0.7448979591836735,0.7040816326530612,0.013900000000000001,0.009502052409874406
0.7448979591836735,0.7142857142857143,0.0,0.0
0.7448979591836735,0.7244897959183674,0.0,0.0
0.7448979591836735,0.7346938775510204,0.0,0.0
0.7448979591836735,0.7448979591836735,0.0,0.0
0.7551020408163265,0.5,1.0,0.0
0.7551020408163265,0.5102040816326531,1.0,0.0
0.7551020408163265,0.5204081632653061,1.0,0.0
0.7551020408163265,0.5306122448979592,1.0,0.0
0.7551020408163265,0.5408163265306123,1.0,0.0
0.7551020408163265,0.5510204081632653,1.0,0.0
0.7551020408163265,0.5612244897959183,1.0,0.0
0.7551020408163265,0.5714285714285714,0.8827999999999999,0.038619373376583936
0.7551020408163265,0.5816326530612245,0.657,0.02871828685698365
0.7551020408163265,0.5918367346938775,0.5444000000000001,0.011609651157549911
0.7551020408163265,0.6020408163265306,0.47309999999999997,0.021914584184966873
0.7551020408163265,0.6122448979591837,0.43150000000000005,0.0189189058880264
0.7551020408163265,0.6224489795918366,0.3629,0.011862082447867238
0.7551020408163265,0.6326530612244898,0.3273,0.006823562119597066
0.7551020408163265,0.6428571428571428,0.2652,0.013962664502164336
0.7551020408163265,0.6530612244897959,0.2332,0.009468685230801584
0.7551020408163265,0.6632653061224489,0.2037,0.010922499713893336
0.7551020408163265,0.673469387755102,0.17550000000000002,0.008079913365872186
0.7551020408163265,0.6836734693877551,0.16699999999999998,0.009235799911215052
0.7551020408163265,0.6938775510204082,0.123,0.014664924138910504
0.7551020408163265,0.7040816326530612,0.0927,0.013902553722248297
0.7551020408163265,0.7142857142857142,0.08739999999999999,0.013464174686923817
0.7551020408163265,0.7244897959183673,0.0347,0.017438491907272254
0.7551020408163265,0.7346938775510203,0.0,0.0
0.7551020408163265,0.7448979591836734,0.0,0.0
0.7551020408163265,0.7551020408163265,0.0,0.0
0.7653061224489797,0.5,1.0,0.0
0.7653061224489797,0.5102040816326531,1.0,0.0
0.7653061224489797,0.5204081632653061,1.0,0.0
0.7653061224489797,0.5306122448979592,1.0,0.0
0.7653061224489797,0.5408163265306123,1.0,0.0
0.7653061224489797,0.5510204081632654,1.0,0.0
0.7653061224489797,0.5612244897959184,1.0,0.0
0.7653061224489797,0.5714285714285714,0.9167,0.035759767896338474
0.7653061224489797,0.5816326530612245,0.6578999999999999,0.022246100781934793
0.7653061224489797,0.5918367346938775,0.5453999999999999,0.014839272219350913
0.7653061224489797,0.6020408163265306,0.48250000000000004,0.01041369290885803
0.7653061224489797,0.6122448979591837,0.4319,0.015430780926446983
0.7653061224489797,0.6224489795918368,0.3827,0.015887133158628712
0.7653061224489797,0.6326530612244898,0.3295,0.015578350361960664
0.7653061224489797,0.6428571428571429,0.2973,0.0141711326293984
0.7653061224489797,0.653061224489796,0.2776,0.014729018976157238
0.7653061224489797,0.663265306122449,0.2432,0.010165431618972211
0.7653061224489797,0.6734693877551021,0.21760000000000002,0.009166460603744502
0.7653061224489797,0.6836734693877551,0.1719,0.011108960347395249
0.7653061224489797,0.6938775510204083,0.1698,0.01129938051399279
0.7653061224489797,0.7040816326530612,0.13179999999999997,0.012925014506761685
0.7653061224489797,0.7142857142857144,0.1246,0.015105098477004378
0.7653061224489797,0.7244897959183674,0.0837,0.01597250763030026
0.7653061224489797,0.7346938775510204,0.056299999999999996,0.01635545780465958
0.7653061224489797,0.7448979591836735,0.0522,0.01686463755910574
0.7653061224489797,0.7551020408163266,0.0131,0.008393390256624554
0.7653061224489797,0.7653061224489797,0.0222,0.011248822160564187
0.7755102040816326,0.5,1.0,0.0
0.7755102040816326,0.5102040816326531,1.0,0.0
0.7755102040816326,0.5204081632653061,1.0,0.0
0.7755102040816326,0.5306122448979592,1.0,0.0
0.7755102040816326,0.5408163265306123,1.0,0.0
0.7755102040816326,0.5510204081632653,1.0,0.0
0.7755102040816326,0.5612244897959183,1.0,0.0
0.7755102040816326,0.5714285714285714,0.9568,0.02316022452395486
0.7755102040816326,0.5816326530612245,0.6936,0.024167002296519934
0.7755102040816326,0.5918367346938775,0.6159,0.017443308172476916
0.7755102040816326,0.6020408163265306,0.5287,0.01407412519483893
0.7755102040816326,0.6122448979591837,0.46270000000000006,0.011689354131003134
0.7755102040816326,0.6224489795918368,0.43879999999999997,0.012922693217746833
0.7755102040816326,0.6326530612244898,0.35259999999999997,0.01238886596908692
0.7755102040816326,0.6428571428571428,0.3136,0.008622296677799948
0.7755102040816326,0.653061224489796,0.29379999999999995,0.009230167929133252
0.7755102040816326,0.6632653061224489,0.2813,0.007656435201841649
0.7755102040816326,0.673469387755102,0.24180000000000001,0.01163168087595254
0.7755102040816326,0.6836734693877551,0.22159999999999996,0.011577737257340053
0.7755102040816326,0.6938775510204082,0.1988,0.0076769785723290905
0.7755102040816326,0.7040816326530612,0.174,0.006013318551349164
0.7755102040816326,0.7142857142857143,0.1562,0.009864887226927636
0.7755102040816326,0.7244897959183674,0.1315,0.009583579706977973
0.7755102040816326,0.7346938775510203,0.14429999999999998,0.007640746036873623
0.7755102040816326,0.7448979591836734,0.1092,0.010195881521477188
0.7755102040816326,0.7551020408163265,0.08969999999999997,0.01214993827144813
0.7755102040816326,0.7653061224489796,0.054299999999999994,0.017634086310325238
0.7755102040816326,0.7755102040816326,0.04479999999999999,0.012728550585200183
0.7857142857142857,0.5,1.0,0.0
0.7857142857142857,0.5102040816326531,1.0,0.0
0.7857142857142857,0.5204081632653061,1.0,0.0
0.7857142857142857,0.5306122448979592,1.0,0.0
0.7857142857142857,0.5408163265306123,1.0,0.0
0.7857142857142857,0.5510204081632653,1.0,0.0
0.7857142857142857,0.5612244897959183,1.0,0.0
0.7857142857142857,0.5714285714285714,0.9549,0.020072095057566856
0.7857142857142857,0.5816326530612245,0.7575999999999999,0.023283985913069096
0.7857142857142857,0.5918367346938775,0.6486999999999999,0.017428740631497158
0.7857142857142857,0.6020408163265306,0.5349,0.012978790390479382
0.7857142857142857,0.6122448979591837,0.4891,0.013404812568626237
0.7857142857142857,0.6224489795918368,0.3886,0.011320954023402796
0.7857142857142857,0.6326530612244898,0.3901,0.01531433968540596
0.7857142857142857,0.6428571428571428,0.3484,0.014472180208938803
0.7857142857142857,0.6530612244897959,0.32530000000000003,0.007981290622449481
0.7857142857142857,0.6632653061224489,0.25680000000000003,0.01323011715745556
0.7857142857142857,0.673469387755102,0.23440000000000003,0.008948966420766145
0.7857142857142857,0.6836734693877551,0.24889999999999998,0.009570214208678925
0.7857142857142857,0.6938775510204082,0.2105,0.01326517998370169
0.7857142857142857,0.7040816326530612,0.2,0.011409645042682088
0.7857142857142857,0.7142857142857143,0.1868,0.008612548983895534
0.7857142857142857,0.7244897959183674,0.15689999999999998,0.013218509749589777
0.7857142857142857,0.7346938775510203,0.1587,0.009215259084800599
0.7857142857142857,0.7448979591836734,0.14310000000000003,0.0041290434727670276
0.7857142857142857,0.7551020408163265,0.1153,0.010438438580554087
0.7857142857142857,0.7653061224489797,0.11239999999999999,0.009101867940153824
0.7857142857142857,0.7755102040816326,0.1012,0.009792650305203389
0.7857142857142857,0.7857142857142857,0.0668,0.014285517141496838
0.7959183673469388,0.5,1.0,0.0
0.7959183673469388,0.5102040816326531,1.0,0.0
0.7959183673469388,0.5204081632653061,1.0,0.0
0.7959183673469388,0.5306122448979592,1.0,0.0
0.7959183673469388,0.5408163265306123,1.0,0.0
0.7959183673469388,0.5510204081632653,1.0,0.0
0.7959183673469388,0.5612244897959183,1.0,0.0
0.7959183673469388,0.5714285714285714,1.0,0.0
0.7959183673469388,0.5816326530612245,0.7630000000000001,0.03066170249676296
0.7959183673469388,0.5918367346938775,0.6531000000000001,0.010183761584012074
0.7959183673469388,0.6020408163265306,0.5854999999999999,0.015968875977976655
0.7959183673469388,0.6122448979591837,0.4974,0.01955208428787069
0.7959183673469388,0.6224489795918368,0.4343,0.013790612749258097
0.7959183673469388,0.6326530612244898,0.38370000000000004,0.011120296758630138
0.7959183673469388,0.6428571428571428,0.3606,0.013323813267980005
0.7959183673469388,0.653061224489796,0.32320000000000004,0.01296518414832585
0.7959183673469388,0.6632653061224489,0.3044,0.010404998798654419
0.7959183673469388,0.673469387755102,0.2812,0.011353237423748344
0.7959183673469388,0.6836734693877551,0.23539999999999997,0.010743556208258046
0.7959183673469388,0.6938775510204082,0.21190000000000003,0.010254218644050846
0.7959183673469388,0.7040816326530612,0.2178,0.010600754690115228
0.7959183673469388,0.7142857142857143,0.2049,0.006818284241654936
0.7959183673469388,0.7244897959183674,0.19480000000000003,0.008612548983895534
0.7959183673469388,0.7346938775510204,0.1681,0.009211351692341357
0.7959183673469388,0.7448979591836735,0.16360000000000002,0.00857461369392231
0.7959183673469388,0.7551020408163265,0.151,0.01074057726567804
0.7959183673469388,0.7653061224489797,0.1381,0.00705754914966945
0.7959183673469388,0.7755102040816326,0.1292,0.009886151930857628
0.7959183673469388,0.7857142857142857,0.1334,0.010805739215805644
0.7959183673469388,0.7959183673469388,0.12160000000000001,0.005904574497794062
0.8061224489795918,0.5,1.0,0.0
0.8061224489795918,0.5102040816326531,1.0,0.0
0.8061224489795918,0.5204081632653061,1.0,0.0
0.8061224489795918,0.5306122448979592,1.0,0.0
0.8061224489795918,0.5408163265306123,1.0,0.0
0.8061224489795918,0.5510204081632653,1.0,0.0
0.8061224489795918,0.5612244897959183,1.0,0.0
0.8061224489795918,0.5714285714285714,1.0,0.0
0.8061224489795918,0.5816326530612245,0.8442000000000001,0.02440934247373329
0.8061224489795918,0.5918367346938775,0.6465,0.010714709515427847
0.8061224489795918,0.6020408163265306,0.6026000000000001,0.01759556762369432
0.8061224489795918,0.6122448979591837,0.5187000000000002,0.013963559718066164
0.8061224489795918,0.6224489795918368,0.4563,0.015672938460926846
0.8061224489795918,0.6326530612244898,0.4349,0.009203749236045056
0.8061224489795918,0.6428571428571428,0.3927,0.012064037466785318
0.8061224489795918,0.653061224489796,0.3597,0.015053936362294084
0.8061224489795918,0.6632653061224489,0.32539999999999997,0.010282217659629656
0.8061224489795918,0.673469387755102,0.3028,0.008139778866775188
0.8061224489795918,0.6836734693877551,0.27840000000000004,0.00610278624891942
0.8061224489795918,0.6938775510204082,0.24610000000000004,0.011324707501741492
0.8061224489795918,0.7040816326530612,0.25830000000000003,0.010744347351049295
0.8061224489795918,0.7142857142857143,0.229,0.0084154619599877
0.8061224489795918,0.7244897959183674,0.205,0.009640539403996022
0.8061224489795918,0.7346938775510204,0.2002,0.010043704495852117
0.8061224489795918,0.7448979591836735,0.172,0.005176871642217912
0.8061224489795918,0.7551020408163265,0.19429999999999997,0.008011304512999117
0.8061224489795918,0.7653061224489797,0.139,0.010437432634513145
0.8061224489795918,0.7755102040816326,0.14120000000000002,0.008653091932945124
0.8061224489795918,0.7857142857142857,0.14529999999999998,0.01094536431554473
0.8061224489795918,0.7959183673469388,0.1411,0.006765279003854903
0.8061224489795918,0.8061224489795918,0.12490000000000001,0.00823705044296804
0.8163265306122449,0.5,1.0,0.0
0.8163265306122449,0.5102040816326531,1.0,0.0
0.8163265306122449,0.5204081632653061,1.0,0.0
0.8163265306122449,0.5306122448979592,1.0,0.0
0.8163265306122449,0.5408163265306123,1.0,0.0
0.8163265306122449,0.5510204081632653,1.0,0.0
0.8163265306122449,0.5612244897959183,1.0,0.0
0.8163265306122449,0.5714285714285714,1.0,0.0
0.8163265306122449,0.5816326530612245,0.8615,0.03348559391738483
0.8163265306122449,0.5918367346938775,0.7011999999999999,0.019210830278777645
0.8163265306122449,0.6020408163265306,0.5876,0.01127492793768545
0.8163265306122449,0.6122448979591837,0.5473000000000001,0.0124507429497199
0.8163265306122449,0.6224489795918368,0.5132,0.01814926995776965
0.8163265306122449,0.6326530612244898,0.4628,0.007710771686413751
0.8163265306122449,0.6428571428571428,0.4159,0.007067460647219762
0.8163265306122449,0.653061224489796,0.3654,0.005293769923221069
0.8163265306122449,0.6632653061224489,0.3364,0.015903584501614724
0.8163265306122449,0.673469387755102,0.31839999999999996,0.011887135903993023
0.8163265306122449,0.6836734693877551,0.30999999999999994,0.008196340646898465
0.8163265306122449,0.6938775510204082,0.2796,0.009002444112572986
0.8163265306122449,0.7040816326530612,0.26470000000000005,0.012800039062440392
0.8163265306122449,0.7142857142857143,0.2571,0.00967310704996073
0.8163265306122449,0.7244897959183674,0.2374,0.005282423686150138
0.8163265306122449,0.7346938775510204,0.20379999999999998,0.007185819368728942
0.8163265306122449,0.7448979591836735,0.19890000000000002,0.006367809670522509
0.8163265306122449,0.7551020408163265,0.1958,0.01021058274536767
0.8163265306122449,0.7653061224489797,0.1638,0.006955285759765733
0.8163265306122449,0.7755102040816326,0.1724,0.0037978941533434022
0.8163265306122449,0.7857142857142857,0.1527,0.0063640395976140825
0.8163265306122449,0.7959183673469388,0.15089999999999998,0.004978855290124426
0.8163265306122449,0.8061224489795918,0.1426,0.006548587633986431
0.8163265306122449,0.8163265306122449,0.12190000000000001,0.0066745037268698855
0.8265306122448979,0.5,1.0,0.0
0.8265306122448979,0.5102040816326531,1.0,0.0
0.8265306122448979,0.5204081632653061,1.0,0.0
0.8265306122448979,0.5306122448979592,1.0,0.0
0.8265306122448979,0.5408163265306123,1.0,0.0
0.8265306122448979,0.5510204081632653,1.0,0.0
0.8265306122448979,0.5612244897959183,1.0,0.0
0.8265306122448979,0.5714285714285714,1.0,0.0
0.8265306122448979,0.5816326530612245,0.8858,0.030651525247530505
0.8265306122448979,0.5918367346938775,0.7117000000000002,0.025470787188463562
0.8265306122448979,0.6020408163265306,0.6290000000000001,0.022909823220618707
0.8265306122448979,0.6122448979591837,0.5590999999999999,0.012132971606329585
0.8265306122448979,0.6224489795918366,0.49540000000000006,0.009729542640843919
0.8265306122448979,0.6326530612244898,0.47220000000000006,0.013662210655673555
0.8265306122448979,0.6428571428571428,0.4178,0.013767207414722855
0.8265306122448979,0.6530612244897959,0.39449999999999996,0.008613071461447418
0.8265306122448979,0.6632653061224489,0.3609,0.008827740367727181
0.8265306122448979,0.673469387755102,0.358,0.009666436778875655
0.8265306122448979,0.6836734693877551,0.3332,0.008746199174498601
0.8265306122448979,0.693877551020408,0.29500000000000004,0.012999230746471113
0.8265306122448979,0.7040816326530612,0.27240000000000003,0.008753513580271637
0.8265306122448979,0.7142857142857142,0.2698,0.0061429634542295615
0.8265306122448979,0.7244897959183673,0.24820000000000003,0.009597708059740096
0.8265306122448979,0.7346938775510203,0.24979999999999997,0.005129912279951775
0.8265306122448979,0.7448979591836734,0.2218,0.006779085484045766
0.8265306122448979,0.7551020408163265,0.21400000000000002,0.006188699378706321
0.8265306122448979,0.7653061224489796,0.2011,0.009694792416550236
0.8265306122448979,0.7755102040816326,0.187,0.006862943974709394
0.8265306122448979,0.7857142857142856,0.1877,0.008218333164334481
0.8265306122448979,0.7959183673469388,0.15990000000000001,0.007047623712997169
0.8265306122448979,0.8061224489795917,0.1664,0.003625465487354691
0.8265306122448979,0.8163265306122448,0.1512,0.005478685973844459
0.8265306122448979,0.8265306122448979,0.14689999999999998,0.003871562991867755
0.8367346938775511,0.5,1.0,0.0
0.8367346938775511,0.5102040816326531,1.0,0.0
0.8367346938775511,0.5204081632653061,1.0,0.0
0.8367346938775511,0.5306122448979592,1.0,0.0
0.8367346938775511,0.5408163265306123,1.0,0.0
0.8367346938775511,0.5510204081632654,1.0,0.0
0.8367346938775511,0.5612244897959184,1.0,0.0
0.8367346938775511,0.5714285714285714,1.0,0.0
0.8367346938775511,0.5816326530612245,0.9204000000000001,0.03188924583617492
0.8367346938775511,0.5918367346938775,0.7184999999999999,0.01881714643616295
0.8367346938775511,0.6020408163265306,0.6590999999999999,0.0103474151361584
0.8367346938775511,0.6122448979591837,0.5660999999999999,0.01028051555127465
0.8367346938775511,0.6224489795918368,0.5264999999999999,0.01078447958874233
0.8367346938775511,0.6326530612244898,0.4925,0.011060063290958152
0.8367346938775511,0.6428571428571429,0.4436,0.011665504704040883
0.8367346938775511,0.653061224489796,0.40679999999999994,0.013551974025949135
0.8367346938775511,0.6632653061224489,0.4013,0.00908300611031392
0.8367346938775511,0.6734693877551021,0.3584,0.009732625545041793
0.8367346938775511,0.6836734693877551,0.3366,0.008711142290193635
0.8367346938775511,0.6938775510204083,0.3198,0.00790544116416029
0.8367346938775511,0.7040816326530612,0.29100000000000004,0.004969909455915667
0.8367346938775511,0.7142857142857143,0.2693,0.009769390973852973
0.8367346938775511,0.7244897959183674,0.25229999999999997,0.006830885740517112
0.8367346938775511,0.7346938775510204,0.24980000000000002,0.0073400272479058285
0.8367346938775511,0.7448979591836735,0.2299,0.004490990981954873
0.8367346938775511,0.7551020408163265,0.2323,0.003875693486332478
0.8367346938775511,0.7653061224489797,0.21549999999999997,0.0079614697135642
0.8367346938775511,0.7755102040816326,0.2165,0.005620053380529406
0.8367346938775511,0.7857142857142858,0.19280000000000003,0.00571279266208743
0.8367346938775511,0.7959183673469388,0.18819999999999998,0.005697016763184044
0.8367346938775511,0.8061224489795918,0.1779,0.004813418743471212
0.8367346938775511,0.8163265306122449,0.16570000000000001,0.005993413051008582
0.8367346938775511,0.826530612244898,0.1689,0.007529209785893869
0.8367346938775511,0.8367346938775511,0.16429999999999997,0.004628282618855507
0.846938775510204,0.5,1.0,0.0
0.846938775510204,0.5102040816326531,1.0,0.0
0.846938775510204,0.5204081632653061,1.0,0.0
0.846938775510204,0.5306122448979592,1.0,0.0
0.846938775510204,0.5408163265306123,1.0,0.0
0.846938775510204,0.5510204081632653,1.0,0.0
0.846938775510204,0.5612244897959183,1.0,0.0
0.846938775510204,0.5714285714285714,1.0,0.0
0.846938775510204,0.5816326530612245,0.9807,0.013865100071762917
0.846938775510204,0.5918367346938775,0.743,0.029920561492057598
0.846938775510204,0.6020408163265306,0.6727000000000001,0.01832541950406593
0.846938775510204,0.6122448979591837,0.5931,0.013604006762715165
0.846938775510204,0.6224489795918368,0.5347,0.01281877529251527
0.846938775510204,0.6326530612244898,0.5065,0.004539273069556405
0.846938775510204,0.6428571428571428,0.43309999999999993,0.010039372490350177
0.846938775510204,0.6530612244897959,0.4407,0.010032995564635714
0.846938775510204,0.6632653061224489,0.40659999999999996,0.012680851706411521
0.846938775510204,0.673469387755102,0.39,0.007586830695356261
0.846938775510204,0.6836734693877551,0.3625,0.006604922406811454
0.846938775510204,0.6938775510204082,0.3236,0.010433791257256398
0.846938775510204,0.7040816326530612,0.3164999999999999,0.007365120501390318
0.846938775510204,0.7142857142857142,0.30310000000000004,0.007027730785964984
0.846938775510204,0.7244897959183674,0.273,0.006628725367670621
0.846938775510204,0.7346938775510203,0.25229999999999997,0.005087337220983095
0.846938775510204,0.7448979591836734,0.2612,0.00710323869794617
0.846938775510204,0.7551020408163265,0.23919999999999994,0.00715932957755124
0.846938775510204,0.7653061224489796,0.22680000000000003,0.006619365528507998
0.846938775510204,0.7755102040816326,0.2166,0.00625011999884802
0.846938775510204,0.7857142857142856,0.21339999999999998,0.007254240139394339
0.846938775510204,0.7959183673469388,0.1924,0.006107700058123351
0.846938775510204,0.8061224489795917,0.19380000000000003,0.00380473389345431
0.846938775510204,0.8163265306122449,0.1882,0.007093377192846859
0.846938775510204,0.8265306122448979,0.1826,0.007106616635221009
0.846938775510204,0.836734693877551,0.171,0.0042941821107167774
0.846938775510204,0.846938775510204,0.16300000000000003,0.005031898250163648
0.8571428571428572,0.5,1.0,0.0
0.8571428571428572,0.5102040816326531,1.0,0.0
0.8571428571428572,0.5204081632653061,1.0,0.0
0.8571428571428572,0.5306122448979592,1.0,0.0
0.8571428571428572,0.5408163265306123,1.0,0.0
0.8571428571428572,0.5510204081632654,1.0,0.0
0.8571428571428572,0.5612244897959184,1.0,0.0
0.8571428571428572,0.5714285714285714,1.0,0.0
0.8571428571428572,0.5816326530612245,0.992,0.007589466384404105
0.8571428571428572,0.5918367346938775,0.7682,0.027116341936183053
0.8571428571428572,0.6020408163265306,0.6888,0.01149765193419943
0.8571428571428572,0.6122448979591837,0.5971,0.010804119584676954
0.8571428571428572,0.6224489795918368,0.5410999999999999,0.017014964002312782
0.8571428571428572,0.6326530612244898,0.5219000000000001,0.007660874623696695
0.8571428571428572,0.6428571428571429,0.4655,0.008359724875855663
0.8571428571428572,0.653061224489796,0.45439999999999997,0.009471219562442845
0.8571428571428572,0.6632653061224489,0.3966,0.007983983967919776
0.8571428571428572,0.6734693877551021,0.37910000000000005,0.009726715786944737
0.8571428571428572,0.6836734693877551,0.37029999999999996,0.008847655056567249
0.8571428571428572,0.6938775510204082,0.3416,0.007332393879218436
0.8571428571428572,0.7040816326530612,0.3215,0.008374067112222114
0.8571428571428572,0.7142857142857143,0.31620000000000004,0.008242329767729508
0.8571428571428572,0.7244897959183674,0.3005,0.0072142220647828685
0.8571428571428572,0.7346938775510204,0.2848,0.008509759103523437
0.8571428571428572,0.7448979591836735,0.26280000000000003,0.007428054927099017
0.8571428571428572,0.7551020408163266,0.24480000000000005,0.007274338457894298
0.8571428571428572,0.7653061224489797,0.25830000000000003,0.00923585404821882
0.8571428571428572,0.7755102040816327,0.2334,0.006074866253671764
0.8571428571428572,0.7857142857142858,0.21989999999999998,0.007104153714553198
0.8571428571428572,0.7959183673469388,0.22069999999999998,0.0065529382722561945
0.8571428571428572,0.806122448979592,0.20740000000000003,0.007263883258973811
0.8571428571428572,0.8163265306122449,0.19340000000000002,0.003501999428897726
0.8571428571428572,0.826530612244898,0.194,0.0038078865529319536
0.8571428571428572,0.8367346938775511,0.18630000000000002,0.003723036395202173
0.8571428571428572,0.8469387755102041,0.18339999999999998,0.003857978745405422
0.8571428571428572,0.8571428571428572,0.17639999999999997,0.0028989653326661215
0.8673469387755102,0.5,1.0,0.0
0.8673469387755102,0.5102040816326531,1.0,0.0
0.8673469387755102,0.5204081632653061,1.0,0.0
0.8673469387755102,0.5306122448979592,1.0,0.0
0.8673469387755102,0.5408163265306123,1.0,0.0
0.8673469387755102,0.5510204081632653,1.0,0.0
0.8673469387755102,0.5612244897959183,1.0,0.0
0.8673469387755102,0.5714285714285714,1.0,0.0
0.8673469387755102,0.5816326530612245,0.9766999999999999,0.015394836796796514
0.8673469387755102,0.5918367346938775,0.7876999999999998,0.02707509926112922
0.8673469387755102,0.6020408163265306,0.6920000000000001,0.01528005235593124
0.8673469387755102,0.6122448979591837,0.6411,0.018075646599776177
0.8673469387755102,0.6224489795918368,0.5814,0.015130895545208157
0.8673469387755102,0.6326530612244898,0.5338,0.006235062148848242
0.8673469387755102,0.6428571428571428,0.47289999999999993,0.009610879252180833
0.8673469387755102,0.653061224489796,0.46579999999999994,0.009034157403986274
0.8673469387755102,0.6632653061224489,0.43290000000000006,0.008880822034023654
0.8673469387755102,0.673469387755102,0.39849999999999997,0.008494998528546075
0.8673469387755102,0.6836734693877551,0.38480000000000003,0.005903897018072046
0.8673469387755102,0.6938775510204082,0.3499,0.008388623248185602
0.8673469387755102,0.7040816326530612,0.329,0.002849561369755004
0.8673469387755102,0.7142857142857143,0.331,0.008100617260431455
0.8673469387755102,0.7244897959183674,0.31389999999999996,0.008990494980811678
0.8673469387755102,0.7346938775510203,0.29700000000000004,0.0060860496218811755
0.8673469387755102,0.7448979591836734,0.28009999999999996,0.006234500781939158
0.8673469387755102,0.7551020408163265,0.2798,0.00529490320969137
0.8673469387755102,0.7653061224489796,0.24920000000000003,0.006820263924512015
0.8673469387755102,0.7755102040816326,0.24890000000000004,0.007847865951964267
0.8673469387755102,0.7857142857142857,0.23859999999999998,0.006415917705207884
0.8673469387755102,0.7959183673469388,0.23700000000000002,0.005936328831862332
0.8673469387755102,0.8061224489795918,0.22510000000000002,0.0046399353443771175
0.8673469387755102,0.8163265306122449,0.2124,0.0047099893842767835
0.8673469387755102,0.8265306122448979,0.2132,0.004309988399056313
0.8673469387755102,0.836734693877551,0.20339999999999997,0.006011988023940169
0.8673469387755102,0.846938775510204,0.1987,0.004467773494706282
0.8673469387755102,0.8571428571428571,0.18949999999999997,0.0025465663156493687
0.8673469387755102,0.8673469387755102,0.18529999999999996,0.005508266514975469
0.8775510204081632,0.5,1.0,0.0
0.8775510204081632,0.5102040816326531,1.0,0.0
0.8775510204081632,0.5204081632653061,1.0,0.0
0.8775510204081632,0.5306122448979592,1.0,0.0
0.8775510204081632,0.5408163265306123,1.0,0.0
0.8775510204081632,0.5510204081632653,1.0,0.0
0.8775510204081632,0.5612244897959183,1.0,0.0
0.8775510204081632,0.5714285714285714,1.0,0.0
0.8775510204081632,0.5816326530612245,0.9743,0.016510632937595093
0.8775510204081632,0.5918367346938775,0.8177999999999999,0.02388338334491158
0.8775510204081632,0.6020408163265306,0.6866000000000001,0.01110423342694127
0.8775510204081632,0.6122448979591837,0.6261,0.015552138116670647
0.8775510204081632,0.6224489795918368,0.5844,0.014863512370903453
0.8775510204081632,0.6326530612244898,0.5386,0.007045849842283039
0.8775510204081632,0.6428571428571428,0.5126999999999999,0.011208969622583512
0.8775510204081632,0.653061224489796,0.4786,0.013805940750271237
0.8775510204081632,0.6632653061224489,0.43220000000000003,0.00823018833320356
0.8775510204081632,0.673469387755102,0.41819999999999996,0.013457934462613496
0.8775510204081632,0.6836734693877551,0.4011,0.010366725616123925
0.8775510204081632,0.6938775510204082,0.3711,0.010994043842008267
0.8775510204081632,0.7040816326530612,0.3684,0.004848092408360224
0.8775510204081632,0.7142857142857143,0.3424,0.004301627598944377
0.8775510204081632,0.7244897959183674,0.3168,0.006912018518493712
0.8775510204081632,0.7346938775510203,0.3091,0.006224869476543262
0.8775510204081632,0.7448979591836735,0.2966000000000001,0.006289992050869379
0.8775510204081632,0.7551020408163265,0.2839,0.003628911682584735
0.8775510204081632,0.7653061224489797,0.2873,0.006403202323837657
0.8775510204081632,0.7755102040816326,0.2702,0.005621031933728892
0.8775510204081632,0.7857142857142857,0.2481,0.006735651416158646
0.8775510204081632,0.7959183673469388,0.2486,0.004200476163484327
0.8775510204081632,0.8061224489795918,0.2231,0.005918530222952316
0.8775510204081632,0.8163265306122449,0.22860000000000005,0.006008660416432267
0.8775510204081632,0.8265306122448979,0.21749999999999997,0.003995622604801409
0.8775510204081632,0.8367346938775511,0.2164,0.0032716968074685653
0.8775510204081632,0.846938775510204,0.2089,0.005762725049835365
0.8775510204081632,0.8571428571428571,0.19649999999999998,0.0049704124577342685
0.8775510204081632,0.8673469387755102,0.20020000000000002,0.0027885480092693393
0.8775510204081632,0.8775510204081632,0.1976,0.0036061059329975317
0.8877551020408163,0.5,1.0,0.0
0.8877551020408163,0.5102040816326531,1.0,0.0
0.8877551020408163,0.5204081632653061,1.0,0.0
0.8877551020408163,0.5306122448979592,1.0,0.0
0.8877551020408163,0.5408163265306123,1.0,0.0
0.8877551020408163,0.5510204081632653,1.0,0.0
0.8877551020408163,0.5612244897959183,1.0,0.0
0.8877551020408163,0.5714285714285714,1.0,0.0
0.8877551020408163,0.5816326530612245,1.0,0.0
0.8877551020408163,0.5918367346938775,0.8289000000000002,0.02593162162303006
0.8877551020408163,0.6020408163265306,0.7223,0.02136775608247155
0.8877551020408163,0.6122448979591837,0.6458,0.012542567520248798
0.8877551020408163,0.6224489795918368,0.5878,0.011363802180608389
0.8877551020408163,0.6326530612244898,0.5465000000000001,0.008296083413274
0.8877551020408163,0.6428571428571428,0.5,0.011805083650698971
0.8877551020408163,0.653061224489796,0.493,0.007263607918933951
0.8877551020408163,0.6632653061224489,0.4434,0.004808742039244775
0.8877551020408163,0.673469387755102,0.43870000000000003,0.00810314753660576
0.8877551020408163,0.6836734693877551,0.40990000000000004,0.009098846080685173
0.8877551020408163,0.6938775510204082,0.38289999999999996,0.008759509118666409
0.8877551020408163,0.7040816326530612,0.3714,0.005657207791835122
0.8877551020408163,0.7142857142857143,0.35489999999999994,0.005080255899066502
0.8877551020408163,0.7244897959183674,0.3359,0.0044327192557165156
0.8877551020408163,0.7346938775510203,0.3201,0.007143458546110562
0.8877551020408163,0.7448979591836734,0.30870000000000003,0.007858816704822682
0.8877551020408163,0.7551020408163265,0.29989999999999994,0.005119472629089837
0.8877551020408163,0.7653061224489797,0.30040000000000006,0.007173841369865939
0.8877551020408163,0.7755102040816326,0.27190000000000003,0.004846545161246305
0.8877551020408163,0.7857142857142857,0.27559999999999996,0.00448820676885546
0.8877551020408163,0.7959183673469388,0.25860000000000005,0.003153410851760363
0.8877551020408163,0.8061224489795918,0.2519,0.002780107911574657
0.8877551020408163,0.8163265306122449,0.24050000000000002,0.004962358310319802
0.8877551020408163,0.8265306122448979,0.22749999999999998,0.003555980877338909
0.8877551020408163,0.8367346938775511,0.22940000000000005,0.0062405127994420466
0.8877551020408163,0.846938775510204,0.2169,0.003395438116061018
0.8877551020408163,0.8571428571428571,0.2129,0.004966789707648191
0.8877551020408163,0.8673469387755102,0.20940000000000003,0.003947657533272104
0.8877551020408163,0.8775510204081632,0.20550000000000002,0.005463057751845573
0.8877551020408163,0.8877551020408163,0.1951,0.0037079644011236146
0.8979591836734694,0.5,1.0,0.0
0.8979591836734694,0.5102040816326531,1.0,0.0
0.8979591836734694,0.5204081632653061,1.0,0.0
0.8979591836734694,0.5306122448979592,1.0,0.0
0.8979591836734694,0.5408163265306123,1.0,0.0
0.8979591836734694,0.5510204081632653,1.0,0.0
0.8979591836734694,0.5612244897959183,1.0,0.0
0.8979591836734694,0.5714285714285714,1.0,0.0
0.8979591836734694,0.5816326530612245,1.0,0.0
0.8979591836734694,0.5918367346938775,0.8418999999999999,0.02187164831465612
0.8979591836734694,0.6020408163265306,0.7562999999999999,0.014798006622515073
0.8979591836734694,0.6122448979591837,0.6696,0.011118633009502558
0.8979591836734694,0.6224489795918368,0.5883999999999998,0.012001833193308432
0.8979591836734694,0.6326530612244898,0.5643999999999999,0.010162873609368557
0.8979591836734694,0.6428571428571428,0.5357999999999999,0.01320817928406485
0.8979591836734694,0.653061224489796,0.49140000000000006,0.01042612104284235
0.8979591836734694,0.6632653061224489,0.4659000000000001,0.009593174657015265
0.8979591836734694,0.673469387755102,0.45339999999999997,0.003538926390870542
0.8979591836734694,0.6836734693877551,0.42139999999999994,0.008692755604524954
0.8979591836734694,0.6938775510204082,0.3983,0.009948919539326868
0.8979591836734694,0.7040816326530612,0.37309999999999993,0.006933181088072054
0.8979591836734694,0.7142857142857143,0.3499,0.008026767718079302
0.8979591836734694,0.7244897959183674,0.3494,0.006133840558736424
0.8979591836734694,0.7346938775510204,0.3328,0.004166053288185353
0.8979591836734694,0.7448979591836735,0.319,0.0038105117766515334
0.8979591836734694,0.7551020408163265,0.3174,0.003927340066762743
0.8979591836734694,0.7653061224489796,0.29510000000000003,0.007224195456934979
0.8979591836734694,0.7755102040816326,0.2838,0.005837465203322412
0.8979591836734694,0.7857142857142857,0.288,0.00485592421687159
0.8979591836734694,0.7959183673469388,0.2766,0.0050023994242763105
0.8979591836734694,0.8061224489795918,0.26149999999999995,0.0030765240125830303
0.8979591836734694,0.8163265306122449,0.24910000000000002,0.0050959788068633115
0.8979591836734694,0.8265306122448979,0.24830000000000002,0.006782403703702691
0.8979591836734694,0.8367346938775511,0.24169999999999997,0.003755129824653204
0.8979591836734694,0.846938775510204,0.23980000000000007,0.004151626187411386
0.8979591836734694,0.8571428571428572,0.2226,0.005202307180472911
0.8979591836734694,0.8673469387755102,0.21749999999999997,0.0033919021212293256
0.8979591836734694,0.8775510204081632,0.2205,0.0027027763503479165
0.8979591836734694,0.8877551020408163,0.2157,0.002789444389121247
0.8979591836734694,0.8979591836734694,0.19929999999999998,0.0017438463235044516
0.9081632653061225,0.5,1.0,0.0
0.9081632653061225,0.5102040816326531,1.0,0.0
0.9081632653061225,0.5204081632653061,1.0,0.0
0.9081632653061225,0.5306122448979592,1.0,0.0
0.9081632653061225,0.5408163265306123,1.0,0.0
0.9081632653061225,0.5510204081632653,1.0,0.0
0.9081632653061225,0.5612244897959183,1.0,0.0
0.9081632653061225,0.5714285714285714,1.0,0.0
0.9081632653061225,0.5816326530612245,1.0,0.0
0.9081632653061225,0.5918367346938775,0.8966000000000001,0.02985237009016202
0.9081632653061225,0.6020408163265306,0.7532,0.008940693485407046
0.9081632653061225,0.6122448979591837,0.6798,0.018526089711539236
0.9081632653061225,0.6224489795918368,0.653,0.010611314715905847
0.9081632653061225,0.6326530612244898,0.5641,0.010511374791148867
0.9081632653061225,0.6428571428571428,0.5498,0.009100329664358314
0.9081632653061225,0.653061224489796,0.49929999999999997,0.006746925225612041
0.9081632653061225,0.6632653061224489,0.4830000000000001,0.010602829810951415
0.9081632653061225,0.673469387755102,0.46110000000000007,0.007597960252594113
0.9081632653061225,0.6836734693877551,0.42869999999999997,0.008442807589895674
0.9081632653061225,0.6938775510204082,0.41530000000000006,0.00786771885618697
0.9081632653061225,0.7040816326530612,0.3956,0.005444630382312466
0.9081632653061225,0.7142857142857143,0.3745,0.003482097069296033
0.9081632653061225,0.7244897959183674,0.35279999999999995,0.007495065043080013
0.9081632653061225,0.7346938775510203,0.3489,0.004869188844150531
0.9081632653061225,0.7448979591836735,0.33180000000000004,0.006752481025519434
0.9081632653061225,0.7551020408163265,0.3149,0.0038482463538604215
0.9081632653061225,0.7653061224489797,0.3094,0.003424032710124134
0.9081632653061225,0.7755102040816326,0.29679999999999995,0.0035575272310974645
0.9081632653061225,0.7857142857142857,0.2893,0.0036250517237689135
0.9081632653061225,0.7959183673469388,0.28190000000000004,0.00307066767983772
0.9081632653061225,0.8061224489795918,0.27880000000000005,0.0062925352601316395
0.9081632653061225,0.8163265306122449,0.26180000000000003,0.003300908965724444
0.9081632653061225,0.826530612244898,0.255,0.0033704599092705466
0.9081632653061225,0.8367346938775511,0.24920000000000003,0.003862123768084083
0.9081632653061225,0.846938775510204,0.25070000000000003,0.00489908154657585
0.9081632653061225,0.8571428571428572,0.23810000000000003,0.005613287806624565
0.9081632653061225,0.8673469387755102,0.23160000000000003,0.003792624421162739
0.9081632653061225,0.8775510204081634,0.23130000000000006,0.002502199032850903
0.9081632653061225,0.8877551020408163,0.22230000000000003,0.003977562067397565
0.9081632653061225,0.8979591836734694,0.22410000000000002,0.003986100851709599
0.9081632653061225,0.9081632653061225,0.2088,0.003032490725459848
0.9183673469387755,0.5,1.0,0.0
0.9183673469387755,0.5102040816326531,1.0,0.0
0.9183673469387755,0.5204081632653061,1.0,0.0
0.9183673469387755,0.5306122448979592,1.0,0.0
0.9183673469387755,0.5408163265306123,1.0,0.0
0.9183673469387755,0.5510204081632653,1.0,0.0
0.9183673469387755,0.5612244897959183,1.0,0.0
0.9183673469387755,0.5714285714285714,1.0,0.0
0.9183673469387755,0.5816326530612245,1.0,0.0
0.9183673469387755,0.5918367346938775,0.8989,0.023776227623405692
0.9183673469387755,0.6020408163265306,0.7692,0.01946062691693153
0.9183673469387755,0.6122448979591837,0.6806,0.014142984126414055
0.9183673469387755,0.6224489795918368,0.6399,0.016584601291559586
0.9183673469387755,0.6326530612244898,0.5932000000000001,0.010018782361145489
0.9183673469387755,0.6428571428571429,0.5394,0.010737970012995935
0.9183673469387755,0.653061224489796,0.5264999999999999,0.012614475811542862
0.9183673469387755,0.6632653061224489,0.4955,0.007048758755979669
0.9183673469387755,0.673469387755102,0.46440000000000003,0.007562010314724517
0.9183673469387755,0.6836734693877551,0.43520000000000003,0.009713701663114837
0.9183673469387755,0.6938775510204082,0.4255,0.006720491053487088
0.9183673469387755,0.7040816326530612,0.4035,0.006779749257900323
0.9183673469387755,0.7142857142857143,0.39160000000000006,0.005378103755042294
0.9183673469387755,0.7244897959183674,0.36130000000000007,0.005396387680661944
0.9183673469387755,0.7346938775510204,0.3604,0.007474222367577781
0.9183673469387755,0.7448979591836735,0.3421,0.006285618505763771
0.9183673469387755,0.7551020408163265,0.33629999999999993,0.004149819273173226
0.9183673469387755,0.7653061224489797,0.33219999999999994,0.005464064421289337
0.9183673469387755,0.7755102040816326,0.31020000000000003,0.0037491332331620365
0.9183673469387755,0.7857142857142858,0.3074,0.0037978941533434057
0.9183673469387755,0.7959183673469388,0.2885,0.003760983913818294
0.9183673469387755,0.8061224489795918,0.27759999999999996,0.00428065415561687
0.9183673469387755,0.8163265306122449,0.2767,0.0038158878390225216
0.9183673469387755,0.826530612244898,0.2692,0.004372184808536803
0.9183673469387755,0.8367346938775511,0.2574000000000001,0.0044904342774391
0.9183673469387755,0.846938775510204,0.24990000000000007,0.005903304159536419
0.9183673469387755,0.8571428571428572,0.24850000000000003,0.004152709958569226
0.9183673469387755,0.8673469387755102,0.24179999999999996,0.003161645141378139
0.9183673469387755,0.8775510204081634,0.24000000000000005,0.0031937438845342616
0.9183673469387755,0.8877551020408163,0.2265,0.0027685736399814245
0.9183673469387755,0.8979591836734694,0.2306,0.0030600653587791217
0.9183673469387755,0.9081632653061225,0.2209,0.0032076471127603793
0.9183673469387755,0.9183673469387755,0.2132,0.0025250742563338625
0.9285714285714286,0.5,1.0,0.0
0.9285714285714286,0.5102040816326531,1.0,0.0
0.9285714285714286,0.5204081632653061,1.0,0.0
0.9285714285714286,0.5306122448979592,1.0,0.0
0.9285714285714286,0.5408163265306123,1.0,0.0
0.9285714285714286,0.5510204081632653,1.0,0.0
0.9285714285714286,0.5612244897959183,1.0,0.0
0.9285714285714286,0.5714285714285714,1.0,0.0
0.9285714285714286,0.5816326530612245,1.0,0.0
0.9285714285714286,0.5918367346938775,0.9623000000000002,0.021367288082487213
0.9285714285714286,0.6020408163265306,0.7720000000000001,0.01889656053359975
0.9285714285714286,0.6122448979591837,0.6987000000000001,0.011715843973013633
0.9285714285714286,0.6224489795918368,0.6555000000000001,0.010818733752154176
0.9285714285714286,0.6326530612244898,0.6089,0.009837123563318702
0.9285714285714286,0.6428571428571428,0.5667,0.009272594027563153
0.9285714285714286,0.653061224489796,0.5243999999999999,0.006820850386865261
0.9285714285714286,0.6632653061224489,0.5023,0.0067380264172827355
0.9285714285714286,0.6734693877551021,0.47459999999999997,0.0076028941857689955
0.9285714285714286,0.6836734693877551,0.4565,0.0078654306938654
0.9285714285714286,0.6938775510204082,0.4277,0.006259472821252601
0.9285714285714286,0.7040816326530612,0.4023,0.007917133319579758
0.9285714285714286,0.7142857142857143,0.3946,0.0065317685200870345
0.9285714285714286,0.7244897959183674,0.3805,0.004463742824133129
0.9285714285714286,0.7346938775510204,0.36880000000000007,0.007594471673526735
0.9285714285714286,0.7448979591836735,0.3519,0.006199112839753767
0.9285714285714286,0.7551020408163265,0.339,0.004476605857119876
0.9285714285714286,0.7653061224489797,0.3305,0.004297092039973076
0.9285714285714286,0.7755102040816326,0.32549999999999996,0.005821082373579676
0.9285714285714286,0.7857142857142857,0.3212,0.004482856232359006
0.9285714285714286,0.7959183673469388,0.3085,0.006150203248673987
0.9285714285714286,0.8061224489795918,0.3005,0.0038787884706438973
0.9285714285714286,0.8163265306122449,0.2931,0.002808736370683439
0.9285714285714286,0.826530612244898,0.27470000000000006,0.00470967090145373
0.9285714285714286,0.8367346938775511,0.27440000000000003,0.006342239352153148
0.9285714285714286,0.8469387755102041,0.263,0.004049691346263318
0.9285714285714286,0.8571428571428572,0.26400000000000007,0.002738612787525833
0.9285714285714286,0.8673469387755102,0.2472,0.002995997329771841
0.9285714285714286,0.8775510204081634,0.24730000000000002,0.00386535897427393
0.9285714285714286,0.8877551020408163,0.24020000000000002,0.003065289545866752
0.9285714285714286,0.8979591836734695,0.242,0.006069596362197407
0.9285714285714286,0.9081632653061225,0.23210000000000006,0.0025117722826721364
0.9285714285714286,0.9183673469387755,0.22360000000000002,0.003837186469276676
0.9285714285714286,0.9285714285714286,0.2238,0.002018910597327184
0.9387755102040816,0.5,1.0,0.0
0.9387755102040816,0.5102040816326531,1.0,0.0
0.9387755102040816,0.5204081632653061,1.0,0.0
0.9387755102040816,0.5306122448979592,1.0,0.0
0.9387755102040816,0.5408163265306123,1.0,0.0
0.9387755102040816,0.5510204081632653,1.0,0.0
0.9387755102040816,0.5612244897959183,1.0,0.0
0.9387755102040816,0.5714285714285714,1.0,0.0
0.9387755102040816,0.5816326530612245,1.0,0.0
0.9387755102040816,0.5918367346938775,0.9425999999999999,0.027866897925675187
0.9387755102040816,0.6020408163265306,0.765,0.0134937022347464
0.9387755102040816,0.6122448979591837,0.7331,0.01755474294884433
0.9387755102040816,0.6224489795918368,0.6784,0.009150081966845974
0.9387755102040816,0.6326530612244898,0.6359999999999999,0.007467261881037794
0.9387755102040816,0.6428571428571428,0.5774,0.009020199554333589
0.9387755102040816,0.6530612244897959,0.5301,0.0106606284992959
0.9387755102040816,0.6632653061224489,0.5016,0.008339304527357186
0.9387755102040816,0.673469387755102,0.48500000000000004,0.00793473376995095
0.9387755102040816,0.6836734693877551,0.4652,0.00611195549722018
0.9387755102040816,0.6938775510204082,0.43889999999999996,0.0051448032032333415
0.9387755102040816,0.7040816326530612,0.4197,0.006892096923288295
0.9387755102040816,0.7142857142857142,0.3967,0.005596516773851391
0.9387755102040816,0.7244897959183674,0.39949999999999997,0.005532178594369489
0.9387755102040816,0.7346938775510203,0.3764,0.004427640455140868
0.9387755102040816,0.7448979591836734,0.36010000000000003,0.004104753342163204
0.9387755102040816,0.7551020408163265,0.34400000000000003,0.006003332407921453
0.9387755102040816,0.7653061224489796,0.35359999999999997,0.007560687799400264
0.9387755102040816,0.7755102040816326,0.32599999999999996,0.0024779023386727757
0.9387755102040816,0.7857142857142857,0.32189999999999996,0.002776508598942206
0.9387755102040816,0.7959183673469388,0.31229999999999997,0.0034177477964296927
0.9387755102040816,0.8061224489795917,0.3012,0.005005596867507412
0.9387755102040816,0.8163265306122448,0.3035,0.003792756253702579
0.9387755102040816,0.8265306122448979,0.29510000000000003,0.004513202853850022
0.9387755102040816,0.8367346938775511,0.2912,0.003908452379139341
0.9387755102040816,0.846938775510204,0.27780000000000005,0.0032796341259353876
0.9387755102040816,0.8571428571428571,0.2688,0.0037491332331620305
0.9387755102040816,0.8673469387755102,0.26470000000000005,0.003498714049475896
0.9387755102040816,0.8775510204081631,0.2646,0.002600769117011353
0.9387755102040816,0.8877551020408163,0.25570000000000004,0.0033527600570276454
0.9387755102040816,0.8979591836734693,0.2444,0.0018011107683871084
0.9387755102040816,0.9081632653061225,0.24359999999999998,0.0027356900409220342
0.9387755102040816,0.9183673469387754,0.23959999999999998,0.0011063453348751457
0.9387755102040816,0.9285714285714285,0.23099999999999996,0.0032403703492039295
0.9387755102040816,0.9387755102040816,0.23329999999999998,0.0022138202275704304
0.9489795918367347,0.5,1.0,0.0
0.9489795918367347,0.5102040816326531,1.0,0.0
0.9489795918367347,0.5204081632653061,1.0,0.0
0.9489795918367347,0.5306122448979592,1.0,0.0
0.9489795918367347,0.5408163265306123,1.0,0.0
0.9489795918367347,0.5510204081632653,1.0,0.0
0.9489795918367347,0.5612244897959183,1.0,0.0
0.9489795918367347,0.5714285714285714,1.0,0.0
0.9489795918367347,0.5816326530612245,1.0,0.0
0.9489795918367347,0.5918367346938775,0.924,0.02607335804993288
0.9489795918367347,0.6020408163265306,0.8120999999999998,0.022146986250955226
0.9489795918367347,0.6122448979591837,0.6869000000000001,0.00903598362105642
0.9489795918367347,0.6224489795918368,0.6766,0.015783028860139613
0.9489795918367347,0.6326530612244898,0.6105,0.00671900290221697
0.9489795918367347,0.6428571428571429,0.5851000000000001,0.010374439743909062
0.9489795918367347,0.653061224489796,0.5652000000000001,0.00804959626316748
0.9489795918367347,0.6632653061224489,0.5189,0.00984423689272054
0.9489795918367347,0.6734693877551021,0.48719999999999997,0.0073154630748846
0.9489795918367347,0.6836734693877551,0.45890000000000003,0.009294568306274367
0.9489795918367347,0.6938775510204082,0.43859999999999993,0.006591206262893009
0.9489795918367347,0.7040816326530612,0.44889999999999997,0.006152154094299007
0.9489795918367347,0.7142857142857143,0.4231999999999999,0.005456738952891184
0.9489795918367347,0.7244897959183674,0.39459999999999995,0.0043959071873732715
0.9489795918367347,0.7346938775510204,0.3839,0.005481696817592159
0.9489795918367347,0.7448979591836735,0.387,0.0050616202939375065
0.9489795918367347,0.7551020408163266,0.3634,0.0035332704396918197
0.9489795918367347,0.7653061224489797,0.35229999999999995,0.004461053687190951
0.9489795918367347,0.7755102040816326,0.33999999999999997,0.004069397989875157
0.9489795918367347,0.7857142857142858,0.3216,0.004771163380141158
0.9489795918367347,0.7959183673469388,0.33039999999999997,0.004567712775558461
0.9489795918367347,0.8061224489795918,0.3146,0.0038709172039711756
0.9489795918367347,0.8163265306122449,0.30229999999999996,0.005118691238978965
0.9489795918367347,0.826530612244898,0.3083,0.0027241512439657263
0.9489795918367347,0.8367346938775511,0.2942,0.004166053288185352
0.9489795918367347,0.8469387755102041,0.28400000000000003,0.0034813790371058385
0.9489795918367347,0.8571428571428572,0.28090000000000004,0.0030901456276363373
0.9489795918367347,0.8673469387755103,0.2773,0.003666196939609214
0.9489795918367347,0.8775510204081634,0.2711,0.002751181564346489
0.9489795918367347,0.8877551020408163,0.2613,0.0036852408333784615
0.9489795918367347,0.8979591836734695,0.25450000000000006,0.003222576608864404
0.9489795918367347,0.9081632653061225,0.2535,0.003050409808533929
0.9489795918367347,0.9183673469387755,0.2447,0.0022893230440459923
0.9489795918367347,0.9285714285714286,0.2404,0.002035681703999915
0.9489795918367347,0.9387755102040817,0.24169999999999997,0.002366643192371845
0.9489795918367347,0.9489795918367347,0.23600000000000004,0.001994993734325999
0.9591836734693877,0.5,1.0,0.0
0.9591836734693877,0.5102040816326531,1.0,0.0
0.9591836734693877,0.5204081632653061,1.0,0.0
0.9591836734693877,0.5306122448979592,1.0,0.0
0.9591836734693877,0.5408163265306123,1.0,0.0
0.9591836734693877,0.5510204081632653,1.0,0.0
0.9591836734693877,0.5612244897959183,1.0,0.0
0.9591836734693877,0.5714285714285714,1.0,0.0
0.9591836734693877,0.5816326530612245,1.0,0.0
0.9591836734693877,0.5918367346938775,0.986,0.013281566172707196
0.9591836734693877,0.6020408163265306,0.8342,0.018174047430333178
0.9591836734693877,0.6122448979591837,0.7219,0.012582885201733349
0.9591836734693877,0.6224489795918368,0.6665000000000001,0.011954287933624482
0.9591836734693877,0.6326530612244898,0.6289999999999999,0.012821856339859692
0.9591836734693877,0.6428571428571428,0.5792,0.006029593684486536
0.9591836734693877,0.6530612244897959,0.5460999999999999,0.00810240704975996
0.9591836734693877,0.6632653061224489,0.5337,0.006581869035464008
0.9591836734693877,0.673469387755102,0.5043,0.006159626612060188
0.9591836734693877,0.6836734693877551,0.47630000000000006,0.008887125519536675
0.9591836734693877,0.6938775510204082,0.46159999999999995,0.0074299394344772415
0.9591836734693877,0.7040816326530612,0.4363,0.004523383689230887
0.9591836734693877,0.7142857142857143,0.42510000000000003,0.005052623081133205
0.9591836734693877,0.7244897959183674,0.40680000000000005,0.005168752267230455
0.9591836734693877,0.7346938775510203,0.4003,0.004456568186396341
0.9591836734693877,0.7448979591836734,0.3963,0.003549788726107511
0.9591836734693877,0.7551020408163265,0.3797999999999999,0.007858498584335308
0.9591836734693877,0.7653061224489796,0.3651,0.0042177007954571685
0.9591836734693877,0.7755102040816326,0.3396,0.0048439653177949115
0.9591836734693877,0.7857142857142857,0.3473,0.0028532437680646875
0.9591836734693877,0.7959183673469388,0.33309999999999995,0.004212956206750788
0.9591836734693877,0.8061224489795917,0.32430000000000003,0.005083404371088337
0.9591836734693877,0.8163265306122449,0.32330000000000003,0.0035610391741737442
0.9591836734693877,0.8265306122448979,0.3124,0.005103332244720114
0.9591836734693877,0.836734693877551,0.3074,0.0036171812229967167
0.9591836734693877,0.846938775510204,0.3008,0.0031298562267299108
0.9591836734693877,0.8571428571428571,0.2912,0.002781366570590794
0.9591836734693877,0.8673469387755102,0.2814,0.0028781938781117524
0.9591836734693877,0.8775510204081631,0.27880000000000005,0.0023949947807876274
0.9591836734693877,0.8877551020408163,0.2732,0.0036709671750098753
0.9591836734693877,0.8979591836734694,0.2629,0.0023041267326256182
0.9591836734693877,0.9081632653061225,0.2609,0.0035649684430580897
0.9591836734693877,0.9183673469387754,0.2549,0.0018517559234413174
0.9591836734693877,0.9285714285714286,0.255,0.0014212670403551907
0.9591836734693877,0.9387755102040816,0.251,0.002059126028197402
0.9591836734693877,0.9489795918367346,0.23959999999999998,0.001877232004841171
0.9591836734693877,0.9591836734693877,0.23759999999999998,0.0019401030900444431
0.9693877551020409,0.5,1.0,0.0
0.9693877551020409,0.5102040816326531,1.0,0.0
0.9693877551020409,0.5204081632653061,1.0,0.0
0.9693877551020409,0.5306122448979592,1.0,0.0
0.9693877551020409,0.5408163265306123,1.0,0.0
0.9693877551020409,0.5510204081632654,1.0,0.0
0.9693877551020409,0.5612244897959183,1.0,0.0
0.9693877551020409,0.5714285714285714,1.0,0.0
0.9693877551020409,0.5816326530612245,1.0,0.0
0.9693877551020409,0.5918367346938775,1.0,0.0
0.9693877551020409,0.6020408163265306,0.8229999999999998,0.026429150572805024
0.9693877551020409,0.6122448979591837,0.747,0.012261321299109661
0.9693877551020409,0.6224489795918368,0.6817,0.012942217738857587
0.9693877551020409,0.6326530612244898,0.6412000000000001,0.010994362191596205
0.9693877551020409,0.6428571428571429,0.6074999999999999,0.01225907826877698
0.9693877551020409,0.653061224489796,0.5622,0.004309988399056302
0.9693877551020409,0.6632653061224489,0.5153000000000001,0.006511605024876744
0.9693877551020409,0.6734693877551021,0.5155000000000001,0.008460791925109618
0.9693877551020409,0.6836734693877551,0.4877999999999999,0.006620876074961683
0.9693877551020409,0.6938775510204082,0.46419999999999995,0.004603911380554578
0.9693877551020409,0.7040816326530612,0.4535,0.006086460383506986
0.9693877551020409,0.7142857142857143,0.442,0.008615103017375938
0.9693877551020409,0.7244897959183674,0.4265,0.003400735214626393
0.9693877551020409,0.7346938775510204,0.4095,0.007838686114394425
0.9693877551020409,0.7448979591836735,0.3975000000000001,0.0027212129648375534
0.9693877551020409,0.7551020408163265,0.39310000000000006,0.0042905710575633135
0.9693877551020409,0.7653061224489797,0.3741,0.003531147122395217
0.9693877551020409,0.7755102040816327,0.3581,0.004479843747275121
0.9693877551020409,0.7857142857142858,0.347,0.005564171097297421
0.9693877551020409,0.7959183673469388,0.34900000000000003,0.0035860842154082175
0.9693877551020409,0.806122448979592,0.3355,0.004331858723458093
0.9693877551020409,0.8163265306122449,0.3304,0.004169412428628283
0.9693877551020409,0.826530612244898,0.32480000000000003,0.0036872754168898233
0.9693877551020409,0.8367346938775511,0.31649999999999995,0.0034036744850235046
0.9693877551020409,0.8469387755102041,0.3026,0.002608447814314101
0.9693877551020409,0.8571428571428572,0.30290000000000006,0.002984794800317103
0.9693877551020409,0.8673469387755103,0.29889999999999994,0.002551274191458066
0.9693877551020409,0.8775510204081634,0.2891,0.0017461385970191472
0.9693877551020409,0.8877551020408163,0.2819,0.0016997058569058303
0.9693877551020409,0.8979591836734695,0.2744,0.0021642550681470036
0.9693877551020409,0.9081632653061225,0.26980000000000004,0.001953458471531963
0.9693877551020409,0.9183673469387756,0.27240000000000003,0.0015504837954651459
0.9693877551020409,0.9285714285714286,0.2633,0.0023411535618152028
0.9693877551020409,0.9387755102040818,0.258,0.0021354156504062643
0.9693877551020409,0.9489795918367347,0.2579,0.0016640312497065684
0.9693877551020409,0.9591836734693878,0.2473,0.0020349447166937993
0.9693877551020409,0.9693877551020409,0.248,0.0018814887722226794
0.9795918367346939,0.5,1.0,0.0
0.9795918367346939,0.5102040816326531,1.0,0.0
0.9795918367346939,0.5204081632653061,1.0,0.0
0.9795918367346939,0.5306122448979592,1.0,0.0
0.9795918367346939,0.5408163265306123,1.0,0.0
0.9795918367346939,0.5510204081632653,1.0,0.0
0.9795918367346939,0.5612244897959183,1.0,0.0
0.9795918367346939,0.5714285714285714,1.0,0.0
0.9795918367346939,0.5816326530612245,1.0,0.0
0.9795918367346939,0.5918367346938775,1.0,0.0
0.9795918367346939,0.6020408163265306,0.8457999999999999,0.01708379348973758
0.9795918367346939,0.6122448979591837,0.7392,0.013733025886526248
0.9795918367346939,0.6224489795918368,0.6867000000000001,0.013393319230123648
0.9795918367346939,0.6326530612244898,0.6439999999999999,0.010104454463255304
0.9795918367346939,0.6428571428571428,0.6249999999999999,0.011293360881509104
0.9795918367346939,0.653061224489796,0.5804,0.010522547220136378
0.9795918367346939,0.6632653061224489,0.5361999999999999,0.009896261920543529
0.9795918367346939,0.673469387755102,0.5200000000000001,0.007200000000000006
0.9795918367346939,0.6836734693877551,0.5097,0.006679895208758897
0.9795918367346939,0.6938775510204082,0.4767000000000001,0.007748612779072136
0.9795918367346939,0.7040816326530612,0.4622,0.0035293058807646543
0.9795918367346939,0.7142857142857143,0.4478,0.00513186126079028
0.9795918367346939,0.7244897959183674,0.42169999999999996,0.004015096511916
0.9795918367346939,0.7346938775510203,0.4224,0.0048066620434559365
0.9795918367346939,0.7448979591836734,0.40280000000000005,0.006115226896853458
0.9795918367346939,0.7551020408163265,0.39740000000000003,0.003995497465898329
0.9795918367346939,0.7653061224489797,0.37959999999999994,0.0038319707723311284
0.9795918367346939,0.7755102040816326,0.37039999999999995,0.0033740183757650197
0.9795918367346939,0.7857142857142857,0.36249999999999993,0.0028008927148321858
0.9795918367346939,0.7959183673469388,0.3524,0.0037072901154347193
0.9795918367346939,0.8061224489795918,0.33520000000000005,0.0015414279094398168
0.9795918367346939,0.8163265306122449,0.3393,0.0047792258787381
0.9795918367346939,0.8265306122448979,0.32520000000000004,0.0028206382256503607
0.9795918367346939,0.8367346938775511,0.32130000000000003,0.003712276929325185
0.9795918367346939,0.846938775510204,0.32130000000000003,0.0025181342299408923
0.9795918367346939,0.8571428571428571,0.30860000000000004,0.0019349418595916534
0.9795918367346939,0.8673469387755102,0.3061,0.002643671689147503
0.9795918367346939,0.8775510204081632,0.29799999999999993,0.002989983277545213
0.9795918367346939,0.8877551020408163,0.29419999999999996,0.0017595453958338231
0.9795918367346939,0.8979591836734693,0.2846000000000001,0.0026802984908401474
0.9795918367346939,0.9081632653061225,0.28179999999999994,0.0018319388636087125
0.9795918367346939,0.9183673469387755,0.2766,0.0023545700244418243
0.9795918367346939,0.9285714285714286,0.27590000000000003,0.0016819631387161803
0.9795918367346939,0.9387755102040816,0.27,0.0017029386365926416
0.9795918367346939,0.9489795918367347,0.26439999999999997,0.0011679041056525158
0.9795918367346939,0.9591836734693877,0.2607,0.0022805701041625557
0.9795918367346939,0.9693877551020408,0.2521999999999999,0.0018099723754798041
0.9795918367346939,0.9795918367346939,0.24889999999999998,0.0013149144458861203
0.9897959183673469,0.5,1.0,0.0
0.9897959183673469,0.5102040816326531,1.0,0.0
0.9897959183673469,0.5204081632653061,1.0,0.0
0.9897959183673469,0.5306122448979592,1.0,0.0
0.9897959183673469,0.5408163265306123,1.0,0.0
0.9897959183673469,0.5510204081632653,1.0,0.0
0.9897959183673469,0.5612244897959183,1.0,0.0
0.9897959183673469,0.5714285714285714,1.0,0.0
0.9897959183673469,0.5816326530612245,1.0,0.0
0.9897959183673469,0.5918367346938775,0.9879999999999999,0.011384199576606167
0.9897959183673469,0.6020408163265306,0.7999999999999999,0.026666083326952982
0.9897959183673469,0.6122448979591837,0.7554,0.01867361775339744
0.9897959183673469,0.6224489795918368,0.6980000000000001,0.007819207120929839
0.9897959183673469,0.6326530612244898,0.6441,0.008841323430346847
0.9897959183673469,0.6428571428571428,0.6184000000000001,0.010377090150904541
0.9897959183673469,0.653061224489796,0.5985000000000001,0.008937840902589391
0.9897959183673469,0.6632653061224489,0.5582,0.009654843344145977
0.9897959183673469,0.673469387755102,0.5246,0.005519420259411314
0.9897959183673469,0.6836734693877551,0.5096999999999999,0.008400059523598631
0.9897959183673469,0.6938775510204082,0.5003,0.00840482004566427
0.9897959183673469,0.7040816326530612,0.47809999999999997,0.004901938392105716
0.9897959183673469,0.7142857142857143,0.4609,0.0067460358730146094
0.9897959183673469,0.7244897959183674,0.4394,0.006925604666742105
0.9897959183673469,0.7346938775510204,0.4145999999999999,0.004848092408360218
0.9897959183673469,0.7448979591836735,0.4098,0.0035490843889656913
0.9897959183673469,0.7551020408163265,0.40630000000000005,0.0033228000240760757
0.9897959183673469,0.7653061224489796,0.39370000000000005,0.0034815226553908847
0.9897959183673469,0.7755102040816326,0.37550000000000006,0.0038451267859460794
0.9897959183673469,0.7857142857142857,0.36889999999999995,0.003479798844761004
0.9897959183673469,0.7959183673469388,0.36310000000000003,0.00316053792889755
0.9897959183673469,0.8061224489795918,0.35649999999999993,0.00327795668061675
0.9897959183673469,0.8163265306122449,0.34620000000000006,0.002212690669750288
0.9897959183673469,0.8265306122448979,0.33660000000000007,0.0020746083967823877
0.9897959183673469,0.8367346938775511,0.3308,0.002626023609947175
0.9897959183673469,0.846938775510204,0.3269,0.0027511815643464924
0.9897959183673469,0.8571428571428571,0.3169,0.0020270668464557368
0.9897959183673469,0.8673469387755102,0.3136,0.0017447062790051525
0.9897959183673469,0.8775510204081634,0.309,0.0030199337741083025
0.9897959183673469,0.8877551020408163,0.302,0.002537715508089907
0.9897959183673469,0.8979591836734694,0.29889999999999994,0.0020171762441591476
0.9897959183673469,0.9081632653061225,0.2949,0.0023556315501368223
0.9897959183673469,0.9183673469387754,0.28789999999999993,0.0015456390264224032
0.9897959183673469,0.9285714285714286,0.2874,0.0019503845774615808
0.9897959183673469,0.9387755102040816,0.2802,0.0013475904422338358
0.9897959183673469,0.9489795918367347,0.2765000000000001,0.0017507141400011563
0.9897959183673469,0.9591836734693877,0.273,0.001131370849898477
0.9897959183673469,0.9693877551020409,0.26630000000000004,0.0015877657257920654
0.9897959183673469,0.9795918367346939,0.26399999999999996,0.0008944271909999165
0.9897959183673469,0.9897959183673469,0.2551,0.000842021377400836
1.0,0.5,1.0,0.0
1.0,0.5102040816326531,1.0,0.0
1.0,0.5204081632653061,1.0,0.0
1.0,0.5306122448979592,1.0,0.0
1.0,0.5408163265306123,1.0,0.0
1.0,0.5510204081632653,1.0,0.0
1.0,0.5612244897959183,1.0,0.0
1.0,0.5714285714285714,1.0,0.0
1.0,0.5816326530612245,1.0,0.0
1.0,0.5918367346938775,0.9901,0.009391964650700085
1.0,0.6020408163265306,0.9379,0.026063940607667136
1.0,0.6122448979591837,0.7703999999999999,0.01431376959434516
1.0,0.6224489795918368,0.7027000000000001,0.009744793481649567
1.0,0.6326530612244898,0.6651,0.011033086603484985
1.0,0.6428571428571428,0.6247999999999999,0.006799705875991997
1.0,0.653061224489796,0.5831999999999999,0.007713365024423511
1.0,0.6632653061224489,0.5650000000000001,0.008709764635166662
1.0,0.673469387755102,0.5300000000000001,0.006292853089020908
1.0,0.6836734693877551,0.5195000000000001,0.005461226968365263
1.0,0.6938775510204082,0.49589999999999995,0.006571833838435058
1.0,0.7040816326530612,0.4774999999999999,0.0066951474965081985
1.0,0.7142857142857143,0.46159999999999995,0.005996999249624763
1.0,0.7244897959183674,0.4485,0.0037316216314090605
1.0,0.7346938775510204,0.4413,0.0036743706944183004
1.0,0.7448979591836735,0.4189,0.003278566760034023
1.0,0.7551020408163265,0.4091,0.005002899159487423
1.0,0.7653061224489797,0.41050000000000003,0.00543000920809532
1.0,0.7755102040816326,0.3863,0.0029361539469176367
1.0,0.7857142857142857,0.3842,0.0027158792314828754
1.0,0.7959183673469388,0.3721,0.003559353873949599
1.0,0.8061224489795918,0.3600999999999999,0.002801606681888093
1.0,0.8163265306122449,0.35459999999999997,0.004079705871751049
1.0,0.8265306122448979,0.3479,0.0026923967018253414
1.0,0.8367346938775511,0.3428,0.0021109239683133967
1.0,0.846938775510204,0.3385,0.002055480479109442
1.0,0.8571428571428572,0.3306,0.002526657871576599
1.0,0.8673469387755102,0.3235,0.00247891105124811
1.0,0.8775510204081632,0.3181,0.001796941846582689
1.0,0.8877551020408163,0.31699999999999995,0.002533771891863988
1.0,0.8979591836734694,0.31010000000000004,0.0017346469381404404
1.0,0.9081632653061225,0.3074,0.002631349463678287
1.0,0.9183673469387755,0.3019,0.0022514439810930246
1.0,0.9285714285714286,0.2975,0.0021505813167606584
1.0,0.9387755102040816,0.29179999999999995,0.0013099618315050262
1.0,0.9489795918367347,0.2894,0.0016982343772283036
1.0,0.9591836734693877,0.2839,0.001851755923441311
1.0,0.9693877551020409,0.28190000000000004,0.0010044899203078082
1.0,0.9795918367346939,0.2794,0.000862554346113908
1.0,0.9897959183673469,0.2755,0.00035355339059327403
1.0,1.0,0.26890000000000003,0.0002626785107312742
