#Time elapsed: 4610.926637649536
#alpha: 0.27, px1: 0.25, px2: 0.25, T max: 2000, n realizations: 10, n nodes: 500, p: 1, ns: 50
#s1_s2_x_errx
0.5,nan,0.34219999999999995,0.0035715542835017887
0.5102040816326531,0.5,0.9,0.09486832980505139
0.5102040816326531,0.5102040816326531,0.0,0.0
0.5204081632653061,0.5,1.0,0.0
0.5204081632653061,0.5102040816326531,0.0,0.0
0.5204081632653061,0.5204081632653061,0.0,0.0
0.5306122448979592,0.5,1.0,0.0
0.5306122448979592,0.5102040816326531,0.893,0.0943615387750751
0.5306122448979592,0.5204081632653061,0.0,0.0
0.5306122448979592,0.5306122448979592,0.0,0.0
0.5408163265306123,0.5,1.0,0.0
0.5408163265306123,0.5102040816326531,1.0,0.0
0.5408163265306123,0.5204081632653061,0.0,0.0
0.5408163265306123,0.5306122448979592,0.0,0.0
0.5408163265306123,0.5408163265306123,0.0,0.0
0.5510204081632653,0.5,1.0,0.0
0.5510204081632653,0.5102040816326531,1.0,0.0
0.5510204081632653,0.5204081632653061,0.2088,0.10384996870485806
0.5510204081632653,0.5306122448979591,0.0,0.0
0.5510204081632653,0.5408163265306122,0.0,0.0
0.5510204081632653,0.5510204081632653,0.0,0.0
0.5612244897959183,0.5,1.0,0.0
0.5612244897959183,0.5102040816326531,1.0,0.0
0.5612244897959183,0.5204081632653061,0.8742000000000001,0.06940631095224697
0.5612244897959183,0.5306122448979591,0.0,0.0
0.5612244897959183,0.5408163265306122,0.0,0.0
0.5612244897959183,0.5510204081632653,0.0,0.0
0.5612244897959183,0.5612244897959183,0.0,0.0
0.5714285714285714,0.5,1.0,0.0
0.5714285714285714,0.5102040816326531,1.0,0.0
0.5714285714285714,0.5204081632653061,1.0,0.0
0.5714285714285714,0.5306122448979592,0.0,0.0
0.5714285714285714,0.5408163265306122,0.0,0.0
0.5714285714285714,0.5510204081632653,0.0,0.0
0.5714285714285714,0.5612244897959183,0.0,0.0
0.5714285714285714,0.5714285714285714,0.0,0.0
0.5816326530612245,0.5,1.0,0.0
0.5816326530612245,0.5102040816326531,1.0,0.0
0.5816326530612245,0.5204081632653061,1.0,0.0
0.5816326530612245,0.5306122448979592,0.48260000000000003,0.12776824331577857
0.5816326530612245,0.5408163265306123,0.0,0.0
0.5816326530612245,0.5510204081632653,0.0,0.0
0.5816326530612245,0.5612244897959183,0.0,0.0
0.5816326530612245,0.5714285714285714,0.0,0.0
0.5816326530612245,0.5816326530612245,0.0,0.0
0.5918367346938775,0.5,1.0,0.0
0.5918367346938775,0.5102040816326531,1.0,0.0
0.5918367346938775,0.5204081632653061,1.0,0.0
0.5918367346938775,0.5306122448979592,0.942,0.05502363128692981
0.5918367346938775,0.5408163265306123,0.0,0.0
0.5918367346938775,0.5510204081632653,0.0,0.0
0.5918367346938775,0.5612244897959183,0.0,0.0
0.5918367346938775,0.5714285714285714,0.0,0.0
0.5918367346938775,0.5816326530612245,0.0,0.0
0.5918367346938775,0.5918367346938775,0.0,0.0
0.6020408163265306,0.5,1.0,0.0
0.6020408163265306,0.5102040816326531,1.0,0.0
0.6020408163265306,0.5204081632653061,1.0,0.0
0.6020408163265306,0.5306122448979592,1.0,0.0
0.6020408163265306,0.5408163265306123,0.2512,0.07694112034536539
0.6020408163265306,0.5510204081632653,0.0,0.0
0.6020408163265306,0.5612244897959183,0.0,0.0
0.6020408163265306,0.5714285714285714,0.0,0.0
0.6020408163265306,0.5816326530612245,0.0,0.0
0.6020408163265306,0.5918367346938775,0.0,0.0
0.6020408163265306,0.6020408163265306,0.0,0.0
0.6122448979591837,0.5,1.0,0.0
0.6122448979591837,0.5102040816326531,1.0,0.0
0.6122448979591837,0.5204081632653061,1.0,0.0
0.6122448979591837,0.5306122448979592,1.0,0.0
0.6122448979591837,0.5408163265306123,0.5109999999999999,0.08202304554209139
0.6122448979591837,0.5510204081632653,0.0,0.0
0.6122448979591837,0.5612244897959183,0.0,0.0
0.6122448979591837,0.5714285714285714,0.0,0.0
0.6122448979591837,0.5816326530612245,0.0,0.0
0.6122448979591837,0.5918367346938775,0.0,0.0
0.6122448979591837,0.6020408163265306,0.0,0.0
0.6122448979591837,0.6122448979591837,0.0,0.0
0.6224489795918368,0.5,1.0,0.0
0.6224489795918368,0.5102040816326531,1.0,0.0
0.6224489795918368,0.5204081632653061,1.0,0.0
0.6224489795918368,0.5306122448979592,1.0,0.0
0.6224489795918368,0.5408163265306123,0.9344000000000001,0.03752417887176213
0.6224489795918368,0.5510204081632654,0.269,0.06623609287993971
0.6224489795918368,0.5612244897959184,0.0,0.0
0.6224489795918368,0.5714285714285714,0.0,0.0
0.6224489795918368,0.5816326530612245,0.0,0.0
0.6224489795918368,0.5918367346938775,0.0,0.0
0.6224489795918368,0.6020408163265306,0.0,0.0
0.6224489795918368,0.6122448979591837,0.0,0.0
0.6224489795918368,0.6224489795918368,0.0,0.0
0.6326530612244898,0.5,1.0,0.0
0.6326530612244898,0.5102040816326531,1.0,0.0
0.6326530612244898,0.5204081632653061,1.0,0.0
0.6326530612244898,0.5306122448979592,1.0,0.0
0.6326530612244898,0.5408163265306123,0.9533999999999999,0.022729804222650054
0.6326530612244898,0.5510204081632654,0.4022,0.028150239785834863
0.6326530612244898,0.5612244897959184,0.18180000000000002,0.04485839943644891
0.6326530612244898,0.5714285714285714,0.0,0.0
0.6326530612244898,0.5816326530612245,0.0,0.0
0.6326530612244898,0.5918367346938775,0.0,0.0
0.6326530612244898,0.6020408163265306,0.0,0.0
0.6326530612244898,0.6122448979591837,0.0,0.0
0.6326530612244898,0.6224489795918368,0.0,0.0
0.6326530612244898,0.6326530612244898,0.0,0.0
0.6428571428571428,0.5,1.0,0.0
0.6428571428571428,0.5102040816326531,1.0,0.0
0.6428571428571428,0.5204081632653061,1.0,0.0
0.6428571428571428,0.5306122448979592,1.0,0.0
0.6428571428571428,0.5408163265306122,1.0,0.0
0.6428571428571428,0.5510204081632653,0.5586000000000001,0.04207141547416725
0.6428571428571428,0.5612244897959183,0.2252,0.051259496681102905
0.6428571428571428,0.5714285714285714,0.0,0.0
0.6428571428571428,0.5816326530612245,0.0,0.0
0.6428571428571428,0.5918367346938775,0.0,0.0
0.6428571428571428,0.6020408163265306,0.0,0.0
0.6428571428571428,0.6122448979591836,0.0,0.0
0.6428571428571428,0.6224489795918366,0.0,0.0
0.6428571428571428,0.6326530612244897,0.0,0.0
0.6428571428571428,0.6428571428571428,0.0,0.0
0.653061224489796,0.5,1.0,0.0
0.653061224489796,0.5102040816326531,1.0,0.0
0.653061224489796,0.5204081632653061,1.0,0.0
0.653061224489796,0.5306122448979592,1.0,0.0
0.653061224489796,0.5408163265306123,1.0,0.0
0.653061224489796,0.5510204081632654,0.6374,0.05222340471474451
0.653061224489796,0.5612244897959184,0.4,0.0266638331827965
0.653061224489796,0.5714285714285714,0.15560000000000002,0.03856091285226531
0.653061224489796,0.5816326530612246,0.0,0.0
0.653061224489796,0.5918367346938775,0.0,0.0
0.653061224489796,0.6020408163265306,0.0,0.0
0.653061224489796,0.6122448979591837,0.0,0.0
0.653061224489796,0.6224489795918368,0.0,0.0
0.653061224489796,0.6326530612244898,0.0,0.0
0.653061224489796,0.6428571428571429,0.0,0.0
0.653061224489796,0.653061224489796,0.0,0.0
0.6632653061224489,0.5,1.0,0.0
0.6632653061224489,0.5102040816326531,1.0,0.0
0.6632653061224489,0.5204081632653061,1.0,0.0
0.6632653061224489,0.5306122448979592,1.0,0.0
0.6632653061224489,0.5408163265306123,1.0,0.0
0.6632653061224489,0.5510204081632653,0.8802,0.06158860284175961
0.6632653061224489,0.5612244897959183,0.4828000000000001,0.023506935146888036
0.6632653061224489,0.5714285714285714,0.3382,0.02789329668576305
0.6632653061224489,0.5816326530612245,0.0774,0.03493428115762509
0.6632653061224489,0.5918367346938775,0.0,0.0
0.6632653061224489,0.6020408163265306,0.0,0.0
0.6632653061224489,0.6122448979591837,0.0,0.0
0.6632653061224489,0.6224489795918366,0.0,0.0
0.6632653061224489,0.6326530612244898,0.0,0.0
0.6632653061224489,0.6428571428571428,0.0,0.0
0.6632653061224489,0.6530612244897959,0.0,0.0
0.6632653061224489,0.6632653061224489,0.0,0.0
0.673469387755102,0.5,1.0,0.0
0.673469387755102,0.5102040816326531,1.0,0.0
0.673469387755102,0.5204081632653061,1.0,0.0
0.673469387755102,0.5306122448979592,1.0,0.0
0.673469387755102,0.5408163265306123,1.0,0.0
0.673469387755102,0.5510204081632653,0.9785999999999999,0.020301822578280983
0.673469387755102,0.5612244897959183,0.5924,0.031015866907117072
0.673469387755102,0.5714285714285714,0.4316,0.02479483817249066
0.673469387755102,0.5816326530612245,0.2878,0.020498682884517234
0.673469387755102,0.5918367346938775,0.0922,0.031424130855124695
0.673469387755102,0.6020408163265306,0.0,0.0
0.673469387755102,0.6122448979591837,0.0,0.0
0.673469387755102,0.6224489795918368,0.0,0.0
0.673469387755102,0.6326530612244898,0.0,0.0
0.673469387755102,0.6428571428571428,0.0,0.0
0.673469387755102,0.6530612244897959,0.0,0.0
0.673469387755102,0.6632653061224489,0.0,0.0
0.673469387755102,0.673469387755102,0.0,0.0
0.6836734693877551,0.5,1.0,0.0
0.6836734693877551,0.5102040816326531,1.0,0.0
0.6836734693877551,0.5204081632653061,1.0,0.0
0.6836734693877551,0.5306122448979592,1.0,0.0
0.6836734693877551,0.5408163265306123,1.0,0.0
0.6836734693877551,0.5510204081632653,1.0,0.0
0.6836734693877551,0.5612244897959183,0.6194,0.019376377370396144
0.6836734693877551,0.5714285714285714,0.458,0.02726022743852296
0.6836734693877551,0.5816326530612245,0.32720000000000005,0.03327365324096529
0.6836734693877551,0.5918367346938775,0.24020000000000005,0.029136163096742846
0.6836734693877551,0.6020408163265306,0.040799999999999996,0.02417800653486552
0.6836734693877551,0.6122448979591837,0.0,0.0
0.6836734693877551,0.6224489795918368,0.0,0.0
0.6836734693877551,0.6326530612244898,0.0,0.0
0.6836734693877551,0.6428571428571428,0.0,0.0
0.6836734693877551,0.653061224489796,0.0,0.0
0.6836734693877551,0.6632653061224489,0.0,0.0
0.6836734693877551,0.673469387755102,0.0,0.0
0.6836734693877551,0.6836734693877551,0.0,0.0
0.6938775510204082,0.5,1.0,0.0
0.6938775510204082,0.5102040816326531,1.0,0.0
0.6938775510204082,0.5204081632653061,1.0,0.0
0.6938775510204082,0.5306122448979592,1.0,0.0
0.6938775510204082,0.5408163265306123,1.0,0.0
0.6938775510204082,0.5510204081632653,1.0,0.0
0.6938775510204082,0.5612244897959183,0.7442000000000001,0.03914838438556564
0.6938775510204082,0.5714285714285714,0.5392,0.022291164168791188
0.6938775510204082,0.5816326530612245,0.38760000000000006,0.024406228713178938
0.6938775510204082,0.5918367346938775,0.25639999999999996,0.02015301466282402
0.6938775510204082,0.6020408163265306,0.1668,0.029368282210575403
0.6938775510204082,0.6122448979591837,0.0274,0.015242178322011588
0.6938775510204082,0.6224489795918368,0.0,0.0
0.6938775510204082,0.6326530612244898,0.0,0.0
0.6938775510204082,0.6428571428571428,0.0,0.0
0.6938775510204082,0.653061224489796,0.0,0.0
0.6938775510204082,0.6632653061224489,0.0,0.0
0.6938775510204082,0.673469387755102,0.0,0.0
0.6938775510204082,0.6836734693877551,0.0,0.0
0.6938775510204082,0.6938775510204082,0.0,0.0
0.7040816326530612,0.5,1.0,0.0
0.7040816326530612,0.5102040816326531,1.0,0.0
0.7040816326530612,0.5204081632653061,1.0,0.0
0.7040816326530612,0.5306122448979592,1.0,0.0
0.7040816326530612,0.5408163265306123,1.0,0.0
0.7040816326530612,0.5510204081632653,1.0,0.0
0.7040816326530612,0.5612244897959183,0.7718,0.03900507659266932
0.7040816326530612,0.5714285714285714,0.5237999999999999,0.017468714892630195
0.7040816326530612,0.5816326530612245,0.4032,0.02886963803029057
0.7040816326530612,0.5918367346938775,0.3052,0.018736488465024605
0.7040816326530612,0.6020408163265306,0.28200000000000003,0.009854947995803932
0.7040816326530612,0.6122448979591837,0.1812,0.026448742881278874
0.7040816326530612,0.6224489795918368,0.059800000000000006,0.02616478549501218
0.7040816326530612,0.6326530612244898,0.0168,0.010659080635777177
0.7040816326530612,0.6428571428571428,0.0,0.0
0.7040816326530612,0.653061224489796,0.0,0.0
0.7040816326530612,0.6632653061224489,0.0,0.0
0.7040816326530612,0.673469387755102,0.0,0.0
0.7040816326530612,0.6836734693877551,0.0,0.0
0.7040816326530612,0.6938775510204082,0.0,0.0
0.7040816326530612,0.7040816326530612,0.0,0.0
0.7142857142857143,0.5,1.0,0.0
0.7142857142857143,0.5102040816326531,1.0,0.0
0.7142857142857143,0.5204081632653061,1.0,0.0
0.7142857142857143,0.5306122448979592,1.0,0.0
0.7142857142857143,0.5408163265306123,1.0,0.0
0.7142857142857143,0.5510204081632653,1.0,0.0
0.7142857142857143,0.5612244897959183,0.9478,0.02597144585886585
0.7142857142857143,0.5714285714285714,0.596,0.013389548162652835
0.7142857142857143,0.5816326530612245,0.46320000000000006,0.018710852465881937
0.7142857142857143,0.5918367346938775,0.3738,0.022282638981951843
0.7142857142857143,0.6020408163265306,0.30500000000000005,0.01264673871003904
0.7142857142857143,0.6122448979591837,0.24359999999999996,0.029258571393695892
0.7142857142857143,0.6224489795918368,0.1832,0.027611881500542473
0.7142857142857143,0.6326530612244898,0.0718,0.025211822623523273
0.7142857142857143,0.6428571428571428,0.0,0.0
0.7142857142857143,0.653061224489796,0.0,0.0
0.7142857142857143,0.6632653061224489,0.0,0.0
0.7142857142857143,0.6734693877551021,0.0,0.0
0.7142857142857143,0.6836734693877551,0.0,0.0
0.7142857142857143,0.6938775510204082,0.0,0.0
0.7142857142857143,0.7040816326530612,0.0,0.0
0.7142857142857143,0.7142857142857143,0.0,0.0
0.7244897959183674,0.5,1.0,0.0
0.7244897959183674,0.5102040816326531,1.0,0.0
0.7244897959183674,0.5204081632653061,1.0,0.0
0.7244897959183674,0.5306122448979592,1.0,0.0
0.7244897959183674,0.5408163265306123,1.0,0.0
0.7244897959183674,0.5510204081632653,1.0,0.0
0.7244897959183674,0.5612244897959183,1.0,0.0
0.7244897959183674,0.5714285714285714,0.659,0.02035534327885432
0.7244897959183674,0.5816326530612245,0.48500000000000004,0.018271836251455408
0.7244897959183674,0.5918367346938775,0.4048,0.015331536126559528
0.7244897959183674,0.6020408163265306,0.3582,0.018599892472807467
0.7244897959183674,0.6122448979591837,0.29,0.015046594299043222
0.7244897959183674,0.6224489795918368,0.21439999999999998,0.021454696455554898
0.7244897959183674,0.6326530612244898,0.18239999999999998,0.024574458284975478
0.7244897959183674,0.6428571428571429,0.0846,0.02532200623963275
0.7244897959183674,0.653061224489796,0.0318,0.01964169035495672
0.7244897959183674,0.6632653061224489,0.0,0.0
0.7244897959183674,0.6734693877551021,0.0,0.0
0.7244897959183674,0.6836734693877551,0.0,0.0
0.7244897959183674,0.6938775510204082,0.0,0.0
0.7244897959183674,0.7040816326530612,0.0,0.0
0.7244897959183674,0.7142857142857143,0.0,0.0
0.7244897959183674,0.7244897959183674,0.0,0.0
0.7346938775510204,0.5,1.0,0.0
0.7346938775510204,0.5102040816326531,1.0,0.0
0.7346938775510204,0.5204081632653061,1.0,0.0
0.7346938775510204,0.5306122448979592,1.0,0.0
0.7346938775510204,0.5408163265306123,1.0,0.0
0.7346938775510204,0.5510204081632654,1.0,0.0
0.7346938775510204,0.5612244897959183,0.9782,0.020681295897501194
0.7346938775510204,0.5714285714285714,0.7314,0.023382129928644222
0.7346938775510204,0.5816326530612245,0.555,0.01510827587780948
0.7346938775510204,0.5918367346938775,0.46560000000000007,0.023771916203789715
0.7346938775510204,0.6020408163265306,0.3686,0.011320954023402798
0.7346938775510204,0.6122448979591837,0.30999999999999994,0.017085666507338833
0.7346938775510204,0.6224489795918368,0.2842,0.016155370624037074
0.7346938775510204,0.6326530612244898,0.23120000000000002,0.010918607969883342
0.7346938775510204,0.6428571428571429,0.2016,0.007401621443981041
0.7346938775510204,0.653061224489796,0.18039999999999998,0.022438894803443413
0.7346938775510204,0.6632653061224489,0.0786,0.021143415050554153
0.7346938775510204,0.6734693877551021,0.005599999999999999,0.004202856171700383
0.7346938775510204,0.6836734693877551,0.0,0.0
0.7346938775510204,0.6938775510204082,0.0,0.0
0.7346938775510204,0.7040816326530612,0.0,0.0
0.7346938775510204,0.7142857142857143,0.0,0.0
0.7346938775510204,0.7244897959183674,0.0,0.0
0.7346938775510204,0.7346938775510204,0.0,0.0
0.7448979591836735,0.5,1.0,0.0
0.7448979591836735,0.5102040816326531,1.0,0.0
0.7448979591836735,0.5204081632653061,1.0,0.0
0.7448979591836735,0.5306122448979592,1.0,0.0
0.7448979591836735,0.5408163265306123,1.0,0.0
0.7448979591836735,0.5510204081632654,1.0,0.0
0.7448979591836735,0.5612244897959184,1.0,0.0
0.7448979591836735,0.5714285714285714,0.7212000000000001,0.02959621597434375
0.7448979591836735,0.5816326530612245,0.6056,0.020557820896194224
0.7448979591836735,0.5918367346938775,0.471,0.013336416310238672
0.7448979591836735,0.6020408163265306,0.44139999999999996,0.01596007518779282
0.7448979591836735,0.6122448979591837,0.367,0.00821340367935243
0.7448979591836735,0.6224489795918368,0.29700000000000004,0.010659268267568838
0.7448979591836735,0.6326530612244898,0.26580000000000004,0.021074059884132433
0.7448979591836735,0.6428571428571429,0.23019999999999996,0.01047835865009401
0.7448979591836735,0.653061224489796,0.1778,0.01762146418434064
0.7448979591836735,0.6632653061224489,0.15739999999999998,0.01632433765884546
0.7448979591836735,0.6734693877551021,0.1014,0.027637727837143196
0.7448979591836735,0.6836734693877551,0.0824,0.022142809216537995
0.7448979591836735,0.6938775510204082,0.0224,0.015833635084843912
0.7448979591836735,0.7040816326530612,0.0118,0.011194462916996063
0.7448979591836735,0.7142857142857143,0.0,0.0
0.7448979591836735,0.7244897959183674,0.0,0.0
0.7448979591836735,0.7346938775510204,0.0,0.0
0.7448979591836735,0.7448979591836735,0.0,0.0
0.7551020408163265,0.5,1.0,0.0
0.7551020408163265,0.5102040816326531,1.0,0.0
0.7551020408163265,0.5204081632653061,1.0,0.0
0.7551020408163265,0.5306122448979592,1.0,0.0
0.7551020408163265,0.5408163265306123,1.0,0.0
0.7551020408163265,0.5510204081632653,1.0,0.0
0.7551020408163265,0.5612244897959183,1.0,0.0
0.7551020408163265,0.5714285714285714,0.7658000000000001,0.0390767961839248
0.7551020408163265,0.5816326530612245,0.6085999999999999,0.012806404647675315
0.7551020408163265,0.5918367346938775,0.501,0.021069883720609375
0.7551020408163265,0.6020408163265306,0.4764000000000001,0.019454151227951324
0.7551020408163265,0.6122448979591837,0.38180000000000003,0.013183171090447091
0.7551020408163265,0.6224489795918366,0.31199999999999994,0.012195080975540918
0.7551020408163265,0.6326530612244898,0.28980000000000006,0.0150158582838278
0.7551020408163265,0.6428571428571428,0.257,0.015569842645319187
0.7551020408163265,0.6530612244897959,0.22000000000000003,0.014669696656713799
0.7551020408163265,0.6632653061224489,0.20059999999999997,0.013737685394563381
0.7551020408163265,0.673469387755102,0.16319999999999996,0.00931321641539592
0.7551020408163265,0.6836734693877551,0.1476,0.013196363135349071
0.7551020408163265,0.6938775510204082,0.13079999999999997,0.01860795528799443
0.7551020408163265,0.7040816326530612,0.0518,0.019414324608391608
0.7551020408163265,0.7142857142857142,0.0056,0.005312626469082876
0.7551020408163265,0.7244897959183673,0.0188,0.016608913269687452
0.7551020408163265,0.7346938775510203,0.0,0.0
0.7551020408163265,0.7448979591836734,0.0,0.0
0.7551020408163265,0.7551020408163265,0.0,0.0
0.7653061224489797,0.5,1.0,0.0
0.7653061224489797,0.5102040816326531,1.0,0.0
0.7653061224489797,0.5204081632653061,1.0,0.0
0.7653061224489797,0.5306122448979592,1.0,0.0
0.7653061224489797,0.5408163265306123,1.0,0.0
0.7653061224489797,0.5510204081632654,1.0,0.0
0.7653061224489797,0.5612244897959184,1.0,0.0
0.7653061224489797,0.5714285714285714,0.8396000000000001,0.034254109242541984
0.7653061224489797,0.5816326530612245,0.6272,0.029224920872433505
0.7653061224489797,0.5918367346938775,0.5488000000000001,0.023041180525311625
0.7653061224489797,0.6020408163265306,0.43660000000000004,0.01534157749385636
0.7653061224489797,0.6122448979591837,0.4218,0.022343589684739554
0.7653061224489797,0.6224489795918368,0.386,0.0185321342537766
0.7653061224489797,0.6326530612244898,0.3246,0.013591320759955599
0.7653061224489797,0.6428571428571429,0.2704000000000001,0.01918082375707571
0.7653061224489797,0.653061224489796,0.27,0.01407977272543843
0.7653061224489797,0.663265306122449,0.24359999999999998,0.01080666461032265
0.7653061224489797,0.6734693877551021,0.21600000000000003,0.013795651488784427
0.7653061224489797,0.6836734693877551,0.1766,0.0090423448286382
0.7653061224489797,0.6938775510204083,0.1282,0.014453926802083924
0.7653061224489797,0.7040816326530612,0.15139999999999998,0.008173371397410006
0.7653061224489797,0.7142857142857144,0.1232,0.014787021336293527
0.7653061224489797,0.7244897959183674,0.065,0.017344163283364234
0.7653061224489797,0.7346938775510204,0.009600000000000001,0.006386235197673195
0.7653061224489797,0.7448979591836735,0.0066,0.00626130976713339
0.7653061224489797,0.7551020408163266,0.0,0.0
0.7653061224489797,0.7653061224489797,0.0,0.0
0.7755102040816326,0.5,1.0,0.0
0.7755102040816326,0.5102040816326531,1.0,0.0
0.7755102040816326,0.5204081632653061,1.0,0.0
0.7755102040816326,0.5306122448979592,1.0,0.0
0.7755102040816326,0.5408163265306123,1.0,0.0
0.7755102040816326,0.5510204081632653,1.0,0.0
0.7755102040816326,0.5612244897959183,1.0,0.0
0.7755102040816326,0.5714285714285714,0.8581999999999999,0.033416702410620946
0.7755102040816326,0.5816326530612245,0.6896,0.016574196813118877
0.7755102040816326,0.5918367346938775,0.5706,0.011499739127475884
0.7755102040816326,0.6020408163265306,0.5084,0.014556922751735684
0.7755102040816326,0.6122448979591837,0.4546,0.018465210532241434
0.7755102040816326,0.6224489795918368,0.3762,0.008301566117305818
0.7755102040816326,0.6326530612244898,0.3534,0.013520502949224926
0.7755102040816326,0.6428571428571428,0.3046,0.015612943348388862
0.7755102040816326,0.653061224489796,0.29079999999999995,0.016500181817180073
0.7755102040816326,0.6632653061224489,0.2562,0.013052049647469163
0.7755102040816326,0.673469387755102,0.2298,0.011806608319072839
0.7755102040816326,0.6836734693877551,0.18879999999999997,0.010358378251444577
0.7755102040816326,0.6938775510204082,0.19,0.011345483682946265
0.7755102040816326,0.7040816326530612,0.15419999999999998,0.008692295439065563
0.7755102040816326,0.7142857142857143,0.13240000000000002,0.016462806565103048
0.7755102040816326,0.7244897959183674,0.127,0.015158495967608394
0.7755102040816326,0.7346938775510203,0.12279999999999999,0.00909153452394039
0.7755102040816326,0.7448979591836734,0.0524,0.016148808005546415
0.7755102040816326,0.7551020408163265,0.030199999999999998,0.01546725573590868
0.7755102040816326,0.7653061224489796,0.0356,0.01165778709704376
0.7755102040816326,0.7755102040816326,0.0212,0.013419985096862068
0.7857142857142857,0.5,1.0,0.0
0.7857142857142857,0.5102040816326531,1.0,0.0
0.7857142857142857,0.5204081632653061,1.0,0.0
0.7857142857142857,0.5306122448979592,1.0,0.0
0.7857142857142857,0.5408163265306123,1.0,0.0
0.7857142857142857,0.5510204081632653,1.0,0.0
0.7857142857142857,0.5612244897959183,1.0,0.0
0.7857142857142857,0.5714285714285714,0.9411999999999999,0.029792885056670833
0.7857142857142857,0.5816326530612245,0.7015999999999999,0.021361273370283897
0.7857142857142857,0.5918367346938775,0.6226,0.02144210810531465
0.7857142857142857,0.6020408163265306,0.5206000000000002,0.014153586118012632
0.7857142857142857,0.6122448979591837,0.45380000000000004,0.016459526117115278
0.7857142857142857,0.6224489795918368,0.385,0.014428444129565735
0.7857142857142857,0.6326530612244898,0.3738,0.0088969657749145
0.7857142857142857,0.6428571428571428,0.3432,0.015041808401917631
0.7857142857142857,0.6530612244897959,0.29619999999999996,0.008397380543955356
0.7857142857142857,0.6632653061224489,0.27420000000000005,0.008185108429336778
0.7857142857142857,0.673469387755102,0.24059999999999998,0.010503523218425329
0.7857142857142857,0.6836734693877551,0.2226,0.013257601593048418
0.7857142857142857,0.6938775510204082,0.19319999999999998,0.010561060552804345
0.7857142857142857,0.7040816326530612,0.19759999999999997,0.011323603666677846
0.7857142857142857,0.7142857142857143,0.17419999999999997,0.013961232037323924
0.7857142857142857,0.7244897959183674,0.1392,0.01239096444995304
0.7857142857142857,0.7346938775510203,0.1418,0.009852715361767028
0.7857142857142857,0.7448979591836734,0.11640000000000002,0.009371445993015166
0.7857142857142857,0.7551020408163265,0.1028,0.015218935573817243
0.7857142857142857,0.7653061224489797,0.0502,0.015536923762444097
0.7857142857142857,0.7755102040816326,0.046,0.012267028980156523
0.7857142857142857,0.7857142857142857,0.05,0.01869545399288287
0.7959183673469388,0.5,1.0,0.0
0.7959183673469388,0.5102040816326531,1.0,0.0
0.7959183673469388,0.5204081632653061,1.0,0.0
0.7959183673469388,0.5306122448979592,1.0,0.0
0.7959183673469388,0.5408163265306123,1.0,0.0
0.7959183673469388,0.5510204081632653,1.0,0.0
0.7959183673469388,0.5612244897959183,1.0,0.0
0.7959183673469388,0.5714285714285714,0.9846,0.014609722789977917
0.7959183673469388,0.5816326530612245,0.7544000000000001,0.022207746396246515
0.7959183673469388,0.5918367346938775,0.6232,0.016876492526588568
0.7959183673469388,0.6020408163265306,0.5264000000000001,0.021184522652162828
0.7959183673469388,0.6122448979591837,0.484,0.014039943019827392
0.7959183673469388,0.6224489795918368,0.4292000000000001,0.016683404928251308
0.7959183673469388,0.6326530612244898,0.38239999999999996,0.01876123663301543
0.7959183673469388,0.6428571428571428,0.352,0.012083045973594574
0.7959183673469388,0.653061224489796,0.3378,0.013279909638246792
0.7959183673469388,0.6632653061224489,0.29979999999999996,0.011318833862196228
0.7959183673469388,0.673469387755102,0.2696,0.007423206854183709
0.7959183673469388,0.6836734693877551,0.23160000000000003,0.012833705622305663
0.7959183673469388,0.6938775510204082,0.23159999999999997,0.013537503462603434
0.7959183673469388,0.7040816326530612,0.21760000000000002,0.010709995331464902
0.7959183673469388,0.7142857142857143,0.19219999999999998,0.010289606406466674
0.7959183673469388,0.7244897959183674,0.17719999999999997,0.008819070245779879
0.7959183673469388,0.7346938775510204,0.18159999999999998,0.007131900167557031
0.7959183673469388,0.7448979591836735,0.1574,0.011492780342458476
0.7959183673469388,0.7551020408163265,0.143,0.009183681179135084
0.7959183673469388,0.7653061224489797,0.1328,0.007854680133525489
0.7959183673469388,0.7755102040816326,0.11259999999999999,0.010083848471689763
0.7959183673469388,0.7857142857142857,0.11760000000000001,0.006845728595262889
0.7959183673469388,0.7959183673469388,0.086,0.014995999466524397
0.8061224489795918,0.5,1.0,0.0
0.8061224489795918,0.5102040816326531,1.0,0.0
0.8061224489795918,0.5204081632653061,1.0,0.0
0.8061224489795918,0.5306122448979592,1.0,0.0
0.8061224489795918,0.5408163265306123,1.0,0.0
0.8061224489795918,0.5510204081632653,1.0,0.0
0.8061224489795918,0.5612244897959183,1.0,0.0
0.8061224489795918,0.5714285714285714,0.9978,0.0020871032557111323
0.8061224489795918,0.5816326530612245,0.7882,0.03624853100471797
0.8061224489795918,0.5918367346938775,0.639,0.012999230746471122
0.8061224489795918,0.6020408163265306,0.5591999999999999,0.009060684300868222
0.8061224489795918,0.6122448979591837,0.5227999999999999,0.018794041608978098
0.8061224489795918,0.6224489795918368,0.4572000000000001,0.01222849132149997
0.8061224489795918,0.6326530612244898,0.4258,0.006761360809777865
0.8061224489795918,0.6428571428571428,0.37100000000000005,0.013541787178950937
0.8061224489795918,0.653061224489796,0.3426,0.018712669504910302
0.8061224489795918,0.6632653061224489,0.3108,0.014361615508013017
0.8061224489795918,0.673469387755102,0.29100000000000004,0.009390420650854783
0.8061224489795918,0.6836734693877551,0.269,0.009218459741193211
0.8061224489795918,0.6938775510204082,0.253,0.009576011695899292
0.8061224489795918,0.7040816326530612,0.21939999999999998,0.009944043443187483
0.8061224489795918,0.7142857142857143,0.2104,0.011217129757651911
0.8061224489795918,0.7244897959183674,0.2144,0.007237679186037468
0.8061224489795918,0.7346938775510204,0.1798,0.007394322146079382
0.8061224489795918,0.7448979591836735,0.1682,0.01334601063988786
0.8061224489795918,0.7551020408163265,0.16019999999999995,0.0057720013860012185
0.8061224489795918,0.7653061224489797,0.15399999999999997,0.0050517323761260354
0.8061224489795918,0.7755102040816326,0.148,0.008912911982062876
0.8061224489795918,0.7857142857142857,0.14020000000000005,0.007649575151601557
0.8061224489795918,0.7959183673469388,0.13199999999999998,0.008971064596802322
0.8061224489795918,0.8061224489795918,0.12200000000000003,0.00842852300228219
0.8163265306122449,0.5,1.0,0.0
0.8163265306122449,0.5102040816326531,1.0,0.0
0.8163265306122449,0.5204081632653061,1.0,0.0
0.8163265306122449,0.5306122448979592,1.0,0.0
0.8163265306122449,0.5408163265306123,1.0,0.0
0.8163265306122449,0.5510204081632653,1.0,0.0
0.8163265306122449,0.5612244897959183,1.0,0.0
0.8163265306122449,0.5714285714285714,1.0,0.0
0.8163265306122449,0.5816326530612245,0.8122,0.027596304100368223
0.8163265306122449,0.5918367346938775,0.6344000000000001,0.016694430208905004
0.8163265306122449,0.6020408163265306,0.5654,0.015406621952913622
0.8163265306122449,0.6122448979591837,0.5289999999999999,0.006445153217728814
0.8163265306122449,0.6224489795918368,0.4760000000000001,0.015165750888103104
0.8163265306122449,0.6326530612244898,0.4466,0.007725542052179896
0.8163265306122449,0.6428571428571428,0.38260000000000005,0.012470926188539483
0.8163265306122449,0.653061224489796,0.35319999999999996,0.012300243900020847
0.8163265306122449,0.6632653061224489,0.3489999999999999,0.010296601381038308
0.8163265306122449,0.673469387755102,0.32039999999999996,0.012613643407041443
0.8163265306122449,0.6836734693877551,0.2932,0.004300697617828994
0.8163265306122449,0.6938775510204082,0.2736,0.013353052085572047
0.8163265306122449,0.7040816326530612,0.23840000000000003,0.007092531282976482
0.8163265306122449,0.7142857142857143,0.21959999999999996,0.013365028993608656
0.8163265306122449,0.7244897959183674,0.22599999999999998,0.008616263691415204
0.8163265306122449,0.7346938775510204,0.21239999999999998,0.008254937916180835
0.8163265306122449,0.7448979591836735,0.2062,0.006913465122498269
0.8163265306122449,0.7551020408163265,0.18799999999999997,0.00789430174239622
0.8163265306122449,0.7653061224489797,0.16639999999999996,0.007450100670460768
0.8163265306122449,0.7755102040816326,0.1628,0.011009813804056816
0.8163265306122449,0.7857142857142857,0.15379999999999996,0.008595114891611397
0.8163265306122449,0.7959183673469388,0.14259999999999998,0.008922107374381906
0.8163265306122449,0.8061224489795918,0.1332,0.004717626521885767
0.8163265306122449,0.8163265306122449,0.12439999999999998,0.007893288288159758
0.8265306122448979,0.5,1.0,0.0
0.8265306122448979,0.5102040816326531,1.0,0.0
0.8265306122448979,0.5204081632653061,1.0,0.0
0.8265306122448979,0.5306122448979592,1.0,0.0
0.8265306122448979,0.5408163265306123,1.0,0.0
0.8265306122448979,0.5510204081632653,1.0,0.0
0.8265306122448979,0.5612244897959183,1.0,0.0
0.8265306122448979,0.5714285714285714,1.0,0.0
0.8265306122448979,0.5816326530612245,0.7918000000000001,0.0291018212488497
0.8265306122448979,0.5918367346938775,0.6617999999999999,0.013969824623093876
0.8265306122448979,0.6020408163265306,0.633,0.011150784725749126
0.8265306122448979,0.6122448979591837,0.5551999999999999,0.0114409789790909
0.8265306122448979,0.6224489795918366,0.4774000000000001,0.013425498128561194
0.8265306122448979,0.6326530612244898,0.4408,0.013078837868862811
0.8265306122448979,0.6428571428571428,0.4072,0.011229247525992109
0.8265306122448979,0.6530612244897959,0.39680000000000004,0.009600833297167493
0.8265306122448979,0.6632653061224489,0.355,0.013588966112254457
0.8265306122448979,0.673469387755102,0.33099999999999996,0.011593963946813012
0.8265306122448979,0.6836734693877551,0.2874,0.008064986050824882
0.8265306122448979,0.693877551020408,0.28140000000000004,0.0060798026283753635
0.8265306122448979,0.7040816326530612,0.26799999999999996,0.010692053123698928
0.8265306122448979,0.7142857142857142,0.2698,0.00885641010793877
0.8265306122448979,0.7244897959183673,0.242,0.008804544281222055
0.8265306122448979,0.7346938775510203,0.22960000000000003,0.0055266626457564786
0.8265306122448979,0.7448979591836734,0.2098,0.0056387941973439675
0.8265306122448979,0.7551020408163265,0.19399999999999998,0.00550635995917448
0.8265306122448979,0.7653061224489796,0.205,0.007829431652425356
0.8265306122448979,0.7755102040816326,0.18319999999999997,0.008281062733731703
0.8265306122448979,0.7857142857142856,0.166,0.009674709297958259
0.8265306122448979,0.7959183673469388,0.1668,0.006087363961518975
0.8265306122448979,0.8061224489795917,0.13679999999999998,0.005797930665332242
0.8265306122448979,0.8163265306122448,0.1544,0.007862823920195595
0.8265306122448979,0.8265306122448979,0.1456,0.005042221732530216
0.8367346938775511,0.5,1.0,0.0
0.8367346938775511,0.5102040816326531,1.0,0.0
0.8367346938775511,0.5204081632653061,1.0,0.0
0.8367346938775511,0.5306122448979592,1.0,0.0
0.8367346938775511,0.5408163265306123,1.0,0.0
0.8367346938775511,0.5510204081632654,1.0,0.0
0.8367346938775511,0.5612244897959184,1.0,0.0
0.8367346938775511,0.5714285714285714,1.0,0.0
0.8367346938775511,0.5816326530612245,0.8204,0.025461814546492947
0.8367346938775511,0.5918367346938775,0.7116,0.0173661740173246
0.8367346938775511,0.6020408163265306,0.6517999999999999,0.017379182949724653
0.8367346938775511,0.6122448979591837,0.552,0.017304334717058615
0.8367346938775511,0.6224489795918368,0.5114000000000001,0.011342133838039467
0.8367346938775511,0.6326530612244898,0.48019999999999996,0.011119172631090855
0.8367346938775511,0.6428571428571429,0.4272,0.013351254622693706
0.8367346938775511,0.653061224489796,0.379,0.009733447487915057
0.8367346938775511,0.6632653061224489,0.35539999999999994,0.007960150752341313
0.8367346938775511,0.6734693877551021,0.342,0.00837615663654877
0.8367346938775511,0.6836734693877551,0.33819999999999995,0.011745467210800938
0.8367346938775511,0.6938775510204083,0.30920000000000003,0.009381684283752035
0.8367346938775511,0.7040816326530612,0.2746,0.005004398065701804
0.8367346938775511,0.7142857142857143,0.27159999999999995,0.010909812097373628
0.8367346938775511,0.7244897959183674,0.23879999999999998,0.00592081075529357
0.8367346938775511,0.7346938775510204,0.2554,0.01024128898137339
0.8367346938775511,0.7448979591836735,0.229,0.0059143892330485
0.8367346938775511,0.7551020408163265,0.21939999999999998,0.007782287581424884
0.8367346938775511,0.7653061224489797,0.2096,0.006078157615593724
0.8367346938775511,0.7755102040816326,0.19779999999999998,0.006340031545662846
0.8367346938775511,0.7857142857142858,0.19579999999999997,0.008973070823302353
0.8367346938775511,0.7959183673469388,0.1674,0.009376779831050742
0.8367346938775511,0.8061224489795918,0.18499999999999997,0.006307138812488589
0.8367346938775511,0.8163265306122449,0.18,0.008777243302996675
0.8367346938775511,0.826530612244898,0.1508,0.0045624554792348376
0.8367346938775511,0.8367346938775511,0.15460000000000002,0.005337040378337041
0.846938775510204,0.5,1.0,0.0
0.846938775510204,0.5102040816326531,1.0,0.0
0.846938775510204,0.5204081632653061,1.0,0.0
0.846938775510204,0.5306122448979592,1.0,0.0
0.846938775510204,0.5408163265306123,1.0,0.0
0.846938775510204,0.5510204081632653,1.0,0.0
0.846938775510204,0.5612244897959183,1.0,0.0
0.846938775510204,0.5714285714285714,1.0,0.0
0.846938775510204,0.5816326530612245,0.8674,0.04142950639339068
0.846938775510204,0.5918367346938775,0.7494,0.03345211503029368
0.846938775510204,0.6020408163265306,0.62,0.020454828280872958
0.846938775510204,0.6122448979591837,0.603,0.01859731163367436
0.846938775510204,0.6224489795918368,0.4992,0.011342662826691097
0.846938775510204,0.6326530612244898,0.4638,0.011924596429229795
0.846938775510204,0.6428571428571428,0.4292000000000001,0.010674080756674083
0.846938775510204,0.6530612244897959,0.4114,0.011038296970094619
0.846938775510204,0.6632653061224489,0.3768,0.013969108776153188
0.846938775510204,0.673469387755102,0.3628,0.011957257210581365
0.846938775510204,0.6836734693877551,0.32639999999999997,0.010795554640684286
0.846938775510204,0.6938775510204082,0.31779999999999997,0.00684952553101308
0.846938775510204,0.7040816326530612,0.31060000000000004,0.00769961037975299
0.846938775510204,0.7142857142857142,0.2854,0.008304456634843726
0.846938775510204,0.7244897959183674,0.266,0.008772684879784524
0.846938775510204,0.7346938775510203,0.256,0.010415373253033232
0.846938775510204,0.7448979591836734,0.2562,0.006042847011136387
0.846938775510204,0.7551020408163265,0.2246,0.007874261870169165
0.846938775510204,0.7653061224489796,0.22139999999999999,0.00795512413479513
0.846938775510204,0.7755102040816326,0.2102,0.004404089009091438
0.846938775510204,0.7857142857142856,0.21879999999999997,0.005419963099505383
0.846938775510204,0.7959183673469388,0.20339999999999997,0.008494939670180125
0.846938775510204,0.8061224489795917,0.18379999999999996,0.004616925383845834
0.846938775510204,0.8163265306122449,0.19399999999999995,0.008921883209278185
0.846938775510204,0.8265306122448979,0.17339999999999997,0.005492176253544674
0.846938775510204,0.836734693877551,0.1696,0.005548333083007904
0.846938775510204,0.846938775510204,0.15419999999999998,0.006731715977371594
0.8571428571428572,0.5,1.0,0.0
0.8571428571428572,0.5102040816326531,1.0,0.0
0.8571428571428572,0.5204081632653061,1.0,0.0
0.8571428571428572,0.5306122448979592,1.0,0.0
0.8571428571428572,0.5408163265306123,1.0,0.0
0.8571428571428572,0.5510204081632654,1.0,0.0
0.8571428571428572,0.5612244897959184,1.0,0.0
0.8571428571428572,0.5714285714285714,1.0,0.0
0.8571428571428572,0.5816326530612245,0.9618,0.024163526232733493
0.8571428571428572,0.5918367346938775,0.745,0.017179639111459824
0.8571428571428572,0.6020408163265306,0.6452,0.011703674636625886
0.8571428571428572,0.6122448979591837,0.5914,0.014958743262720968
0.8571428571428572,0.6224489795918368,0.5504,0.010205096765832252
0.8571428571428572,0.6326530612244898,0.49939999999999996,0.010446243343901197
0.8571428571428572,0.6428571428571429,0.48740000000000006,0.011296194049324757
0.8571428571428572,0.653061224489796,0.42160000000000003,0.01091714248326914
0.8571428571428572,0.6632653061224489,0.3888,0.007839387731194318
0.8571428571428572,0.6734693877551021,0.38120000000000004,0.0067598816557688365
0.8571428571428572,0.6836734693877551,0.36319999999999997,0.014319776534569248
0.8571428571428572,0.6938775510204082,0.32680000000000003,0.007980977383754449
0.8571428571428572,0.7040816326530612,0.329,0.007674633541739955
0.8571428571428572,0.7142857142857143,0.30019999999999997,0.0070509573818028455
0.8571428571428572,0.7244897959183674,0.2976,0.009784886304909219
0.8571428571428572,0.7346938775510204,0.2636,0.008857990742826501
0.8571428571428572,0.7448979591836735,0.2674,0.006242115026175022
0.8571428571428572,0.7551020408163266,0.24900000000000003,0.006935416353759879
0.8571428571428572,0.7653061224489797,0.2338,0.006672031174987119
0.8571428571428572,0.7755102040816327,0.23479999999999998,0.006159220729930044
0.8571428571428572,0.7857142857142858,0.22220000000000004,0.008253241787322117
0.8571428571428572,0.7959183673469388,0.213,0.007854934754662193
0.8571428571428572,0.806122448979592,0.21799999999999997,0.007853661566428744
0.8571428571428572,0.8163265306122449,0.2016,0.0048398347079213365
0.8571428571428572,0.826530612244898,0.1888,0.009483459284459442
0.8571428571428572,0.8367346938775511,0.18979999999999997,0.009925522656263496
0.8571428571428572,0.8469387755102041,0.18299999999999997,0.007212489168102784
0.8571428571428572,0.8571428571428572,0.1718,0.00745358973917937
0.8673469387755102,0.5,1.0,0.0
0.8673469387755102,0.5102040816326531,1.0,0.0
0.8673469387755102,0.5204081632653061,1.0,0.0
0.8673469387755102,0.5306122448979592,1.0,0.0
0.8673469387755102,0.5408163265306123,1.0,0.0
0.8673469387755102,0.5510204081632653,1.0,0.0
0.8673469387755102,0.5612244897959183,1.0,0.0
0.8673469387755102,0.5714285714285714,1.0,0.0
0.8673469387755102,0.5816326530612245,0.9442,0.026840938880747074
0.8673469387755102,0.5918367346938775,0.7582000000000001,0.02143352514170266
0.8673469387755102,0.6020408163265306,0.6642,0.01892606668063917
0.8673469387755102,0.6122448979591837,0.6118,0.017119462608388144
0.8673469387755102,0.6224489795918368,0.573,0.015113570061371998
0.8673469387755102,0.6326530612244898,0.4944,0.008460732828780263
0.8673469387755102,0.6428571428571428,0.48600000000000004,0.010814804667676623
0.8673469387755102,0.653061224489796,0.4516,0.015548118857276593
0.8673469387755102,0.6632653061224489,0.4130000000000001,0.011360457737256892
0.8673469387755102,0.673469387755102,0.3822,0.009501368322510185
0.8673469387755102,0.6836734693877551,0.3904,0.010055048483224732
0.8673469387755102,0.6938775510204082,0.3504,0.008643147574813242
0.8673469387755102,0.7040816326530612,0.33060000000000006,0.010840848675265235
0.8673469387755102,0.7142857142857143,0.3176,0.010161889588063824
0.8673469387755102,0.7244897959183674,0.29100000000000004,0.008208532146492453
0.8673469387755102,0.7346938775510203,0.2964,0.010051069594824226
0.8673469387755102,0.7448979591836734,0.28319999999999995,0.005116248625702233
0.8673469387755102,0.7551020408163265,0.2756,0.008201463284073151
0.8673469387755102,0.7653061224489796,0.2492,0.006664532991890728
0.8673469387755102,0.7755102040816326,0.24780000000000002,0.006219003135551548
0.8673469387755102,0.7857142857142857,0.2452,0.004941254901338323
0.8673469387755102,0.7959183673469388,0.22800000000000004,0.005477225575051663
0.8673469387755102,0.8061224489795918,0.22800000000000004,0.00463896540189728
0.8673469387755102,0.8163265306122449,0.20579999999999998,0.004404089009091438
0.8673469387755102,0.8265306122448979,0.20600000000000002,0.006517668294720128
0.8673469387755102,0.836734693877551,0.202,0.004543126676640218
0.8673469387755102,0.846938775510204,0.19979999999999998,0.005157130985344469
0.8673469387755102,0.8571428571428571,0.19319999999999998,0.0037968407920269706
0.8673469387755102,0.8673469387755102,0.19039999999999996,0.005945082001116554
0.8775510204081632,0.5,1.0,0.0
0.8775510204081632,0.5102040816326531,1.0,0.0
0.8775510204081632,0.5204081632653061,1.0,0.0
0.8775510204081632,0.5306122448979592,1.0,0.0
0.8775510204081632,0.5408163265306123,1.0,0.0
0.8775510204081632,0.5510204081632653,1.0,0.0
0.8775510204081632,0.5612244897959183,1.0,0.0
0.8775510204081632,0.5714285714285714,1.0,0.0
0.8775510204081632,0.5816326530612245,0.9795999999999999,0.019353139280230476
0.8775510204081632,0.5918367346938775,0.7884,0.029003172240291236
0.8775510204081632,0.6020408163265306,0.6918,0.021796238207543974
0.8775510204081632,0.6122448979591837,0.6428,0.0168337755717486
0.8775510204081632,0.6224489795918368,0.5738000000000001,0.01235621301208424
0.8775510204081632,0.6326530612244898,0.5338,0.007758608122595187
0.8775510204081632,0.6428571428571428,0.497,0.009082951062292477
0.8775510204081632,0.653061224489796,0.4758,0.011190889151448153
0.8775510204081632,0.6632653061224489,0.4192,0.009757868619734539
0.8775510204081632,0.673469387755102,0.41200000000000003,0.006393746945258313
0.8775510204081632,0.6836734693877551,0.3862,0.0128045304482437
0.8775510204081632,0.6938775510204082,0.36960000000000004,0.005795170403016637
0.8775510204081632,0.7040816326530612,0.35500000000000004,0.007032780389006894
0.8775510204081632,0.7142857142857143,0.3226,0.008690454533567272
0.8775510204081632,0.7244897959183674,0.30160000000000003,0.00686323538864871
0.8775510204081632,0.7346938775510203,0.3088,0.006981117389071753
0.8775510204081632,0.7448979591836735,0.2944,0.006045163355940019
0.8775510204081632,0.7551020408163265,0.28940000000000005,0.008260992676428179
0.8775510204081632,0.7653061224489797,0.2598,0.0070054264681031365
0.8775510204081632,0.7755102040816326,0.25539999999999996,0.007678801989893995
0.8775510204081632,0.7857142857142857,0.24639999999999995,0.008220948850345682
0.8775510204081632,0.7959183673469388,0.24700000000000003,0.006243396511515188
0.8775510204081632,0.8061224489795918,0.23959999999999998,0.00696160900941729
0.8775510204081632,0.8163265306122449,0.22880000000000003,0.0056085648788259555
0.8775510204081632,0.8265306122448979,0.2202,0.006520429433710636
0.8775510204081632,0.8367346938775511,0.2234,0.004741729642229721
0.8775510204081632,0.846938775510204,0.205,0.006760177512462229
0.8775510204081632,0.8571428571428571,0.2004,0.004688709843869634
0.8775510204081632,0.8673469387755102,0.19839999999999997,0.007656631112963453
0.8775510204081632,0.8775510204081632,0.2022,0.0047870659072128926
0.8877551020408163,0.5,1.0,0.0
0.8877551020408163,0.5102040816326531,1.0,0.0
0.8877551020408163,0.5204081632653061,1.0,0.0
0.8877551020408163,0.5306122448979592,1.0,0.0
0.8877551020408163,0.5408163265306123,1.0,0.0
0.8877551020408163,0.5510204081632653,1.0,0.0
0.8877551020408163,0.5612244897959183,1.0,0.0
0.8877551020408163,0.5714285714285714,1.0,0.0
0.8877551020408163,0.5816326530612245,1.0,0.0
0.8877551020408163,0.5918367346938775,0.8004,0.0187484399350986
0.8877551020408163,0.6020408163265306,0.6703999999999999,0.014214921737385679
0.8877551020408163,0.6122448979591837,0.643,0.016356650023767093
0.8877551020408163,0.6224489795918368,0.5912000000000001,0.013081895887064685
0.8877551020408163,0.6326530612244898,0.5378000000000001,0.01049742825648263
0.8877551020408163,0.6428571428571428,0.49260000000000004,0.015110393773823368
0.8877551020408163,0.653061224489796,0.4706,0.010943673971751902
0.8877551020408163,0.6632653061224489,0.43420000000000003,0.008121329940348436
0.8877551020408163,0.673469387755102,0.41400000000000003,0.014308039698015933
0.8877551020408163,0.6836734693877551,0.4096000000000001,0.01029096691278327
0.8877551020408163,0.6938775510204082,0.37720000000000004,0.00765872051977352
0.8877551020408163,0.7040816326530612,0.3618,0.007591837722185585
0.8877551020408163,0.7142857142857143,0.3284,0.006874881817166022
0.8877551020408163,0.7244897959183674,0.3222,0.010934166634910952
0.8877551020408163,0.7346938775510203,0.3146,0.008579277358845555
0.8877551020408163,0.7448979591836734,0.3134,0.006735280246582171
0.8877551020408163,0.7551020408163265,0.2924,0.006045163355940017
0.8877551020408163,0.7653061224489797,0.2912,0.008271396496360214
0.8877551020408163,0.7755102040816326,0.2726,0.007093941076721739
0.8877551020408163,0.7857142857142857,0.26180000000000003,0.00887445772991229
0.8877551020408163,0.7959183673469388,0.25739999999999996,0.008366839307647781
0.8877551020408163,0.8061224489795918,0.25220000000000004,0.005778927236088027
0.8877551020408163,0.8163265306122449,0.23739999999999997,0.0034876926470089075
0.8877551020408163,0.8265306122448979,0.23679999999999998,0.004884260435316692
0.8877551020408163,0.8367346938775511,0.23400000000000004,0.006788225099390857
0.8877551020408163,0.846938775510204,0.22760000000000002,0.004202856171700383
0.8877551020408163,0.8571428571428571,0.2204,0.007396215248355066
0.8877551020408163,0.8673469387755102,0.2064,0.0066920848769273684
0.8877551020408163,0.8775510204081632,0.20779999999999998,0.005631696014523512
0.8877551020408163,0.8877551020408163,0.2082,0.006861195231153243
0.8979591836734694,0.5,1.0,0.0
0.8979591836734694,0.5102040816326531,1.0,0.0
0.8979591836734694,0.5204081632653061,1.0,0.0
0.8979591836734694,0.5306122448979592,1.0,0.0
0.8979591836734694,0.5408163265306123,1.0,0.0
0.8979591836734694,0.5510204081632653,1.0,0.0
0.8979591836734694,0.5612244897959183,1.0,0.0
0.8979591836734694,0.5714285714285714,1.0,0.0
0.8979591836734694,0.5816326530612245,0.9992000000000001,0.0007589466384404116
0.8979591836734694,0.5918367346938775,0.795,0.0261598929661419
0.8979591836734694,0.6020408163265306,0.7316,0.014340990202911377
0.8979591836734694,0.6122448979591837,0.6547999999999999,0.00971267213489676
0.8979591836734694,0.6224489795918368,0.587,0.01213342490807933
0.8979591836734694,0.6326530612244898,0.5436000000000001,0.01479405285917283
0.8979591836734694,0.6428571428571428,0.5108,0.011402455875819034
0.8979591836734694,0.653061224489796,0.4797999999999999,0.012320551935688599
0.8979591836734694,0.6632653061224489,0.4444,0.0072762627770030395
0.8979591836734694,0.673469387755102,0.4436,0.009464882460971187
0.8979591836734694,0.6836734693877551,0.43260000000000004,0.010579413972427771
0.8979591836734694,0.6938775510204082,0.3726000000000001,0.00774622488700141
0.8979591836734694,0.7040816326530612,0.378,0.006817624219623727
0.8979591836734694,0.7142857142857143,0.34800000000000003,0.007520638270785265
0.8979591836734694,0.7244897959183674,0.34479999999999994,0.004090965656174587
0.8979591836734694,0.7346938775510204,0.34219999999999995,0.0041899880668087785
0.8979591836734694,0.7448979591836735,0.31820000000000004,0.007896581538868576
0.8979591836734694,0.7551020408163265,0.3,0.007853661566428747
0.8979591836734694,0.7653061224489796,0.29819999999999997,0.0056952611880404565
0.8979591836734694,0.7755102040816326,0.2782,0.002985967179993776
0.8979591836734694,0.7857142857142857,0.27559999999999996,0.007358260664042825
0.8979591836734694,0.7959183673469388,0.2708,0.006438633395372032
0.8979591836734694,0.8061224489795918,0.26420000000000005,0.0033639262774323724
0.8979591836734694,0.8163265306122449,0.259,0.005763679380395823
0.8979591836734694,0.8265306122448979,0.25440000000000007,0.005662508278139644
0.8979591836734694,0.8367346938775511,0.238,0.0056356011214421485
0.8979591836734694,0.846938775510204,0.2338,0.00652656111593234
0.8979591836734694,0.8571428571428572,0.23700000000000002,0.006008327554319921
0.8979591836734694,0.8673469387755102,0.22940000000000005,0.00510724974913113
0.8979591836734694,0.8775510204081632,0.2274,0.0024339268682522074
0.8979591836734694,0.8877551020408163,0.2142,0.0067554422505118035
0.8979591836734694,0.8979591836734694,0.2052,0.005558417040848951
0.9081632653061225,0.5,1.0,0.0
0.9081632653061225,0.5102040816326531,1.0,0.0
0.9081632653061225,0.5204081632653061,1.0,0.0
0.9081632653061225,0.5306122448979592,1.0,0.0
0.9081632653061225,0.5408163265306123,1.0,0.0
0.9081632653061225,0.5510204081632653,1.0,0.0
0.9081632653061225,0.5612244897959183,1.0,0.0
0.9081632653061225,0.5714285714285714,1.0,0.0
0.9081632653061225,0.5816326530612245,1.0,0.0
0.9081632653061225,0.5918367346938775,0.8389999999999999,0.036211876504815374
0.9081632653061225,0.6020408163265306,0.7342,0.01710309913436743
0.9081632653061225,0.6122448979591837,0.6796,0.010479694652040196
0.9081632653061225,0.6224489795918368,0.6434,0.012840716490912802
0.9081632653061225,0.6326530612244898,0.5565999999999999,0.014190278362315517
0.9081632653061225,0.6428571428571428,0.5376,0.010706259851133815
0.9081632653061225,0.653061224489796,0.491,0.010466135867644756
0.9081632653061225,0.6632653061224489,0.46699999999999997,0.007793587107359486
0.9081632653061225,0.673469387755102,0.441,0.009745768312452335
0.9081632653061225,0.6836734693877551,0.4288,0.007777917459063188
0.9081632653061225,0.6938775510204082,0.3822,0.008228973204476969
0.9081632653061225,0.7040816326530612,0.3676,0.005105291372683839
0.9081632653061225,0.7142857142857143,0.36619999999999997,0.009705462379505675
0.9081632653061225,0.7244897959183674,0.3536,0.010356833492916648
0.9081632653061225,0.7346938775510203,0.35059999999999997,0.005657207791835119
0.9081632653061225,0.7448979591836735,0.317,0.007829431652425351
0.9081632653061225,0.7551020408163265,0.31420000000000003,0.004812068162443255
0.9081632653061225,0.7653061224489797,0.30160000000000003,0.0062724795735020124
0.9081632653061225,0.7755102040816326,0.29919999999999997,0.004666476186588766
0.9081632653061225,0.7857142857142857,0.29460000000000003,0.006099508176894264
0.9081632653061225,0.7959183673469388,0.2744,0.005569919209467939
0.9081632653061225,0.8061224489795918,0.276,0.006633249580710797
0.9081632653061225,0.8163265306122449,0.27740000000000004,0.005678380050683466
0.9081632653061225,0.826530612244898,0.2612,0.005464064421289336
0.9081632653061225,0.8367346938775511,0.257,0.006211280061307815
0.9081632653061225,0.846938775510204,0.24,0.006260990336999412
0.9081632653061225,0.8571428571428572,0.24539999999999998,0.003970390409015215
0.9081632653061225,0.8673469387755102,0.22879999999999998,0.005368053650998656
0.9081632653061225,0.8775510204081634,0.22920000000000001,0.004527250821414692
0.9081632653061225,0.8877551020408163,0.21959999999999996,0.00683403248455844
0.9081632653061225,0.8979591836734694,0.21539999999999998,0.0027283694764455926
0.9081632653061225,0.9081632653061225,0.22800000000000004,0.004498888751680798
0.9183673469387755,0.5,1.0,0.0
0.9183673469387755,0.5102040816326531,1.0,0.0
0.9183673469387755,0.5204081632653061,1.0,0.0
0.9183673469387755,0.5306122448979592,1.0,0.0
0.9183673469387755,0.5408163265306123,1.0,0.0
0.9183673469387755,0.5510204081632653,1.0,0.0
0.9183673469387755,0.5612244897959183,1.0,0.0
0.9183673469387755,0.5714285714285714,1.0,0.0
0.9183673469387755,0.5816326530612245,1.0,0.0
0.9183673469387755,0.5918367346938775,0.8524,0.028614401968239698
0.9183673469387755,0.6020408163265306,0.6989999999999998,0.015329057374802925
0.9183673469387755,0.6122448979591837,0.6664000000000001,0.009190429804965598
0.9183673469387755,0.6224489795918368,0.6226,0.01682153381829374
0.9183673469387755,0.6326530612244898,0.5828,0.011038840518822611
0.9183673469387755,0.6428571428571429,0.5438000000000001,0.011021615126649991
0.9183673469387755,0.653061224489796,0.526,0.008731551981177232
0.9183673469387755,0.6632653061224489,0.46900000000000003,0.008538149682454624
0.9183673469387755,0.673469387755102,0.4654000000000001,0.00995208520863844
0.9183673469387755,0.6836734693877551,0.4162,0.007686091334351939
0.9183673469387755,0.6938775510204082,0.4112,0.004949343390794377
0.9183673469387755,0.7040816326530612,0.386,0.00615142259969188
0.9183673469387755,0.7142857142857143,0.3786,0.006040198672229252
0.9183673469387755,0.7244897959183674,0.3622,0.006141335359675453
0.9183673469387755,0.7346938775510204,0.35319999999999996,0.006929357834604877
0.9183673469387755,0.7448979591836735,0.34159999999999996,0.006757514335907841
0.9183673469387755,0.7551020408163265,0.32599999999999996,0.0067823299831252706
0.9183673469387755,0.7653061224489797,0.3222,0.003788931247726728
0.9183673469387755,0.7755102040816326,0.3086,0.008342901174052106
0.9183673469387755,0.7857142857142858,0.28700000000000003,0.003535533905932733
0.9183673469387755,0.7959183673469388,0.28580000000000005,0.005744214480675314
0.9183673469387755,0.8061224489795918,0.27940000000000004,0.004561140208325104
0.9183673469387755,0.8163265306122449,0.28080000000000005,0.006853903996993245
0.9183673469387755,0.826530612244898,0.2592,0.0026862613424609326
0.9183673469387755,0.8367346938775511,0.26060000000000005,0.0075580420745058035
0.9183673469387755,0.846938775510204,0.261,0.004338202392696772
0.9183673469387755,0.8571428571428572,0.25359999999999994,0.004425381339500584
0.9183673469387755,0.8673469387755102,0.24459999999999998,0.0054848883306773
0.9183673469387755,0.8775510204081634,0.24700000000000003,0.004843552415324931
0.9183673469387755,0.8877551020408163,0.2378,0.004151626187411386
0.9183673469387755,0.8979591836734694,0.22959999999999997,0.00446138991795158
0.9183673469387755,0.9081632653061225,0.2258,0.005949453756438486
0.9183673469387755,0.9183673469387755,0.22760000000000002,0.005002399424276316
0.9285714285714286,0.5,1.0,0.0
0.9285714285714286,0.5102040816326531,1.0,0.0
0.9285714285714286,0.5204081632653061,1.0,0.0
0.9285714285714286,0.5306122448979592,1.0,0.0
0.9285714285714286,0.5408163265306123,1.0,0.0
0.9285714285714286,0.5510204081632653,1.0,0.0
0.9285714285714286,0.5612244897959183,1.0,0.0
0.9285714285714286,0.5714285714285714,1.0,0.0
0.9285714285714286,0.5816326530612245,1.0,0.0
0.9285714285714286,0.5918367346938775,0.8842000000000001,0.03123261116205303
0.9285714285714286,0.6020408163265306,0.7750000000000001,0.017582377541163197
0.9285714285714286,0.6122448979591837,0.6476000000000001,0.014617250083377513
0.9285714285714286,0.6224489795918368,0.6478,0.011083140349197065
0.9285714285714286,0.6326530612244898,0.6032,0.01180576130539662
0.9285714285714286,0.6428571428571428,0.567,0.008218272324521735
0.9285714285714286,0.653061224489796,0.5176000000000001,0.012049232340692913
0.9285714285714286,0.6632653061224489,0.47940000000000005,0.011648347522288303
0.9285714285714286,0.6734693877551021,0.4788,0.010771072370010336
0.9285714285714286,0.6836734693877551,0.4316000000000001,0.0094394915117288
0.9285714285714286,0.6938775510204082,0.42700000000000005,0.007532595834106593
0.9285714285714286,0.7040816326530612,0.4096,0.008360861199661193
0.9285714285714286,0.7142857142857143,0.39899999999999997,0.008174350127074324
0.9285714285714286,0.7244897959183674,0.383,0.004606517122512408
0.9285714285714286,0.7346938775510204,0.35439999999999994,0.00488098350745011
0.9285714285714286,0.7448979591836735,0.3542,0.004894486694230558
0.9285714285714286,0.7551020408163265,0.3356,0.004680170937049198
0.9285714285714286,0.7653061224489797,0.323,0.00880113629027525
0.9285714285714286,0.7755102040816326,0.3256,0.005829579744715737
0.9285714285714286,0.7857142857142857,0.3028,0.00502155354447207
0.9285714285714286,0.7959183673469388,0.3008,0.003931411960097797
0.9285714285714286,0.8061224489795918,0.2976,0.005732713144750923
0.9285714285714286,0.8163265306122449,0.2859999999999999,0.004166533331199928
0.9285714285714286,0.826530612244898,0.283,0.0055081757415681625
0.9285714285714286,0.8367346938775511,0.2726,0.004825349728258042
0.9285714285714286,0.8469387755102041,0.26940000000000003,0.003335266106324952
0.9285714285714286,0.8571428571428572,0.2658,0.0034922771940382948
0.9285714285714286,0.8673469387755102,0.2568,0.0029826163011691617
0.9285714285714286,0.8775510204081634,0.2518,0.005110381590448997
0.9285714285714286,0.8877551020408163,0.2488,0.004683588367907665
0.9285714285714286,0.8979591836734695,0.24559999999999998,0.004764871456818118
0.9285714285714286,0.9081632653061225,0.24080000000000004,0.005818590894709819
0.9285714285714286,0.9183673469387755,0.2354,0.0041957120968913
0.9285714285714286,0.9285714285714286,0.23679999999999998,0.003991991983959888
0.9387755102040816,0.5,1.0,0.0
0.9387755102040816,0.5102040816326531,1.0,0.0
0.9387755102040816,0.5204081632653061,1.0,0.0
0.9387755102040816,0.5306122448979592,1.0,0.0
0.9387755102040816,0.5408163265306123,1.0,0.0
0.9387755102040816,0.5510204081632653,1.0,0.0
0.9387755102040816,0.5612244897959183,1.0,0.0
0.9387755102040816,0.5714285714285714,1.0,0.0
0.9387755102040816,0.5816326530612245,1.0,0.0
0.9387755102040816,0.5918367346938775,0.969,0.02109265274923948
0.9387755102040816,0.6020408163265306,0.7737999999999999,0.016344907463794342
0.9387755102040816,0.6122448979591837,0.7084,0.013187266585612043
0.9387755102040816,0.6224489795918368,0.6432,0.015495031461729923
0.9387755102040816,0.6326530612244898,0.6042000000000001,0.015660012771386872
0.9387755102040816,0.6428571428571428,0.552,0.010283968105745946
0.9387755102040816,0.6530612244897959,0.542,0.008527602242131133
0.9387755102040816,0.6632653061224489,0.4974,0.006066630036519452
0.9387755102040816,0.673469387755102,0.4772,0.01126836279146177
0.9387755102040816,0.6836734693877551,0.4436,0.00848905177272468
0.9387755102040816,0.6938775510204082,0.42139999999999994,0.006060033003210461
0.9387755102040816,0.7040816326530612,0.4304,0.00773459759780688
0.9387755102040816,0.7142857142857142,0.40140000000000003,0.008818389875708604
0.9387755102040816,0.7244897959183674,0.3954,0.005208070660042927
0.9387755102040816,0.7346938775510203,0.3822,0.006289356087867818
0.9387755102040816,0.7448979591836734,0.3576,0.007226617466007174
0.9387755102040816,0.7551020408163265,0.34459999999999996,0.008010243441993506
0.9387755102040816,0.7653061224489796,0.3276,0.004722711085806539
0.9387755102040816,0.7755102040816326,0.3258,0.007866129925191931
0.9387755102040816,0.7857142857142857,0.3162,0.004599565196841984
0.9387755102040816,0.7959183673469388,0.31620000000000004,0.005347522790975278
0.9387755102040816,0.8061224489795917,0.30879999999999996,0.005442058434085398
0.9387755102040816,0.8163265306122448,0.29479999999999995,0.005061225148123722
0.9387755102040816,0.8265306122448979,0.28879999999999995,0.0066163434010033054
0.9387755102040816,0.8367346938775511,0.2836,0.00536507222691363
0.9387755102040816,0.846938775510204,0.28619999999999995,0.0070679558572475515
0.9387755102040816,0.8571428571428571,0.27059999999999995,0.004733286384743688
0.9387755102040816,0.8673469387755102,0.27,0.005592852581643823
0.9387755102040816,0.8775510204081631,0.2646,0.003359166563301081
0.9387755102040816,0.8877551020408163,0.2526,0.00483363217466948
0.9387755102040816,0.8979591836734693,0.2542000000000001,0.0030258882993263337
0.9387755102040816,0.9081632653061225,0.2432,0.0026713292571302395
0.9387755102040816,0.9183673469387754,0.2434,0.004800416648583746
0.9387755102040816,0.9285714285714285,0.23800000000000004,0.003908964057138412
0.9387755102040816,0.9387755102040816,0.24580000000000002,0.003549084388965695
0.9489795918367347,0.5,1.0,0.0
0.9489795918367347,0.5102040816326531,1.0,0.0
0.9489795918367347,0.5204081632653061,1.0,0.0
0.9489795918367347,0.5306122448979592,1.0,0.0
0.9489795918367347,0.5408163265306123,1.0,0.0
0.9489795918367347,0.5510204081632653,1.0,0.0
0.9489795918367347,0.5612244897959183,1.0,0.0
0.9489795918367347,0.5714285714285714,1.0,0.0
0.9489795918367347,0.5816326530612245,1.0,0.0
0.9489795918367347,0.5918367346938775,0.9169999999999998,0.022650827799442556
0.9489795918367347,0.6020408163265306,0.7500000000000001,0.018631156700537943
0.9489795918367347,0.6122448979591837,0.718,0.018031084271335426
0.9489795918367347,0.6224489795918368,0.6369999999999999,0.009454099639838794
0.9489795918367347,0.6326530612244898,0.6125999999999999,0.007838622327934934
0.9489795918367347,0.6428571428571429,0.5860000000000001,0.00800999375780031
0.9489795918367347,0.653061224489796,0.5406000000000001,0.0099881930297727
0.9489795918367347,0.6632653061224489,0.5142,0.010324533887783989
0.9489795918367347,0.6734693877551021,0.4728,0.008218028960766687
0.9489795918367347,0.6836734693877551,0.4612,0.00840095232696865
0.9489795918367347,0.6938775510204082,0.44559999999999994,0.008615335164693245
0.9489795918367347,0.7040816326530612,0.41640000000000005,0.008578111680317527
0.9489795918367347,0.7142857142857143,0.4074,0.008541896744868788
0.9489795918367347,0.7244897959183674,0.3858,0.0054805109250871875
0.9489795918367347,0.7346938775510204,0.38939999999999997,0.0069687875559526135
0.9489795918367347,0.7448979591836735,0.36279999999999996,0.004438017575449655
0.9489795918367347,0.7551020408163266,0.352,0.004569463863518341
0.9489795918367347,0.7653061224489797,0.33599999999999997,0.00570613704707484
0.9489795918367347,0.7755102040816326,0.35,0.005122499389946277
0.9489795918367347,0.7857142857142858,0.3358,0.005249380915879508
0.9489795918367347,0.7959183673469388,0.31579999999999997,0.0036600546444008207
0.9489795918367347,0.8061224489795918,0.31199999999999994,0.005720139858430041
0.9489795918367347,0.8163265306122449,0.3136,0.004938015795843509
0.9489795918367347,0.826530612244898,0.2968,0.0036791303320214135
0.9489795918367347,0.8367346938775511,0.30379999999999996,0.005086845781031704
0.9489795918367347,0.8469387755102041,0.2866,0.004940040485664056
0.9489795918367347,0.8571428571428572,0.2876,0.0030567957079268445
0.9489795918367347,0.8673469387755103,0.2728,0.003360952246015998
0.9489795918367347,0.8775510204081634,0.271,0.003228002478313792
0.9489795918367347,0.8877551020408163,0.2734,0.004792076794042429
0.9489795918367347,0.8979591836734695,0.261,0.004263801121065568
0.9489795918367347,0.9081632653061225,0.26,0.0028565713714171423
0.9489795918367347,0.9183673469387755,0.2596,0.005289990548195715
0.9489795918367347,0.9285714285714286,0.2394,0.003099032106965011
0.9489795918367347,0.9387755102040817,0.2448,0.0038491557515902114
0.9489795918367347,0.9489795918367347,0.24299999999999997,0.004291852746774987
0.9591836734693877,0.5,1.0,0.0
0.9591836734693877,0.5102040816326531,1.0,0.0
0.9591836734693877,0.5204081632653061,1.0,0.0
0.9591836734693877,0.5306122448979592,1.0,0.0
0.9591836734693877,0.5408163265306123,1.0,0.0
0.9591836734693877,0.5510204081632653,1.0,0.0
0.9591836734693877,0.5612244897959183,1.0,0.0
0.9591836734693877,0.5714285714285714,1.0,0.0
0.9591836734693877,0.5816326530612245,1.0,0.0
0.9591836734693877,0.5918367346938775,0.983,0.016127616066858738
0.9591836734693877,0.6020408163265306,0.7748,0.01814431040298859
0.9591836734693877,0.6122448979591837,0.701,0.01016759558597803
0.9591836734693877,0.6224489795918368,0.6708000000000001,0.01305128346179026
0.9591836734693877,0.6326530612244898,0.6314,0.016000124999511724
0.9591836734693877,0.6428571428571428,0.5646,0.006945790091846995
0.9591836734693877,0.6530612244897959,0.5436000000000001,0.009102966549427717
0.9591836734693877,0.6632653061224489,0.5272,0.010143766558828137
0.9591836734693877,0.673469387755102,0.5038,0.007191383733329773
0.9591836734693877,0.6836734693877551,0.4598,0.011438356525305548
0.9591836734693877,0.6938775510204082,0.4394,0.006985985971929804
0.9591836734693877,0.7040816326530612,0.42060000000000003,0.005628854235099714
0.9591836734693877,0.7142857142857143,0.417,0.0070724818840347675
0.9591836734693877,0.7244897959183674,0.40940000000000004,0.006882150826594835
0.9591836734693877,0.7346938775510203,0.3892,0.0037757118534125452
0.9591836734693877,0.7448979591836734,0.36960000000000004,0.006510299532279602
0.9591836734693877,0.7551020408163265,0.3554,0.006963045310781769
0.9591836734693877,0.7653061224489796,0.36279999999999996,0.006152722974423603
0.9591836734693877,0.7755102040816326,0.3424,0.0054170102455136605
0.9591836734693877,0.7857142857142857,0.3323999999999999,0.004739620237951557
0.9591836734693877,0.7959183673469388,0.3276,0.004221847936626803
0.9591836734693877,0.8061224489795917,0.3176,0.006130579091733506
0.9591836734693877,0.8163265306122449,0.31920000000000004,0.004997599423723359
0.9591836734693877,0.8265306122448979,0.3078,0.003841353927979043
0.9591836734693877,0.836734693877551,0.3054,0.0037847060652050676
0.9591836734693877,0.846938775510204,0.29819999999999997,0.0027488179277645897
0.9591836734693877,0.8571428571428571,0.2894,0.003655680511204443
0.9591836734693877,0.8673469387755102,0.28579999999999994,0.0035603370626950456
0.9591836734693877,0.8775510204081631,0.285,0.003432200460346101
0.9591836734693877,0.8877551020408163,0.2762,0.0038204711751301003
0.9591836734693877,0.8979591836734694,0.2674,0.0034298688021555572
0.9591836734693877,0.9081632653061225,0.267,0.003240370349203927
0.9591836734693877,0.9183673469387754,0.2644000000000001,0.003209984423638219
0.9591836734693877,0.9285714285714286,0.2616,0.002112818023399083
0.9591836734693877,0.9387755102040816,0.25420000000000004,0.0028628656971642964
0.9591836734693877,0.9489795918367346,0.2502,0.0020871032557111323
0.9591836734693877,0.9591836734693877,0.2476,0.0030567957079268497
0.9693877551020409,0.5,1.0,0.0
0.9693877551020409,0.5102040816326531,1.0,0.0
0.9693877551020409,0.5204081632653061,1.0,0.0
0.9693877551020409,0.5306122448979592,1.0,0.0
0.9693877551020409,0.5408163265306123,1.0,0.0
0.9693877551020409,0.5510204081632654,1.0,0.0
0.9693877551020409,0.5612244897959183,1.0,0.0
0.9693877551020409,0.5714285714285714,1.0,0.0
0.9693877551020409,0.5816326530612245,1.0,0.0
0.9693877551020409,0.5918367346938775,0.9722,0.022300582952021676
0.9693877551020409,0.6020408163265306,0.8176,0.031075134754333725
0.9693877551020409,0.6122448979591837,0.6950000000000001,0.015023315213360866
0.9693877551020409,0.6224489795918368,0.6716,0.013056186273180998
0.9693877551020409,0.6326530612244898,0.6218,0.011297610366798822
0.9693877551020409,0.6428571428571429,0.5864,0.007165472768771084
0.9693877551020409,0.653061224489796,0.5692,0.010362239140263066
0.9693877551020409,0.6632653061224489,0.5328,0.012791247007231155
0.9693877551020409,0.6734693877551021,0.5144,0.007806663820096263
0.9693877551020409,0.6836734693877551,0.4728,0.0078087130821922245
0.9693877551020409,0.6938775510204082,0.45380000000000004,0.009197608384792213
0.9693877551020409,0.7040816326530612,0.44020000000000004,0.006270247204058228
0.9693877551020409,0.7142857142857143,0.4208,0.008561308311233742
0.9693877551020409,0.7244897959183674,0.41080000000000005,0.006567800240567613
0.9693877551020409,0.7346938775510204,0.395,0.0057218878003679864
0.9693877551020409,0.7448979591836735,0.37639999999999996,0.004954190145725136
0.9693877551020409,0.7551020408163265,0.383,0.0037443290453698106
0.9693877551020409,0.7653061224489797,0.362,0.0028705400188814667
0.9693877551020409,0.7755102040816327,0.36619999999999997,0.006002999250374768
0.9693877551020409,0.7857142857142858,0.33959999999999996,0.005468454992042996
0.9693877551020409,0.7959183673469388,0.3376,0.005350140185079264
0.9693877551020409,0.806122448979592,0.3336,0.0038241338888694754
0.9693877551020409,0.8163265306122449,0.32920000000000005,0.005390361768935364
0.9693877551020409,0.826530612244898,0.32060000000000005,0.0052080706600429304
0.9693877551020409,0.8367346938775511,0.3086,0.006177701838062437
0.9693877551020409,0.8469387755102041,0.30419999999999997,0.003328062499413137
0.9693877551020409,0.8571428571428572,0.2974,0.0029939939879699146
0.9693877551020409,0.8673469387755103,0.2928,0.00304893424002552
0.9693877551020409,0.8775510204081634,0.29040000000000005,0.0050580628703091445
0.9693877551020409,0.8877551020408163,0.28500000000000003,0.002874021572639979
0.9693877551020409,0.8979591836734695,0.273,0.0028460498941515378
0.9693877551020409,0.9081632653061225,0.272,0.0034525353003264105
0.9693877551020409,0.9183673469387756,0.27559999999999996,0.002811405342528888
0.9693877551020409,0.9285714285714286,0.27220000000000005,0.0033757962023795206
0.9693877551020409,0.9387755102040818,0.2698,0.0032304798405190516
0.9693877551020409,0.9489795918367347,0.2574,0.002020890892651062
0.9693877551020409,0.9591836734693878,0.256,0.0026076809620810618
0.9693877551020409,0.9693877551020409,0.25920000000000004,0.00204352636391117
0.9795918367346939,0.5,1.0,0.0
0.9795918367346939,0.5102040816326531,1.0,0.0
0.9795918367346939,0.5204081632653061,1.0,0.0
0.9795918367346939,0.5306122448979592,1.0,0.0
0.9795918367346939,0.5408163265306123,1.0,0.0
0.9795918367346939,0.5510204081632653,1.0,0.0
0.9795918367346939,0.5612244897959183,1.0,0.0
0.9795918367346939,0.5714285714285714,1.0,0.0
0.9795918367346939,0.5816326530612245,1.0,0.0
0.9795918367346939,0.5918367346938775,0.9884000000000001,0.01100472625738596
0.9795918367346939,0.6020408163265306,0.78,0.011902940813093206
0.9795918367346939,0.6122448979591837,0.7224,0.010895136529663127
0.9795918367346939,0.6224489795918368,0.6946000000000001,0.015689614399340728
0.9795918367346939,0.6326530612244898,0.6116,0.006571453416102109
0.9795918367346939,0.6428571428571428,0.5972,0.008579976689945023
0.9795918367346939,0.653061224489796,0.5690000000000001,0.010782393055347216
0.9795918367346939,0.6632653061224489,0.5409999999999998,0.010249878048055008
0.9795918367346939,0.673469387755102,0.5092000000000001,0.007015411605886003
0.9795918367346939,0.6836734693877551,0.49940000000000007,0.010252999561104061
0.9795918367346939,0.6938775510204082,0.4779999999999999,0.008681013765684283
0.9795918367346939,0.7040816326530612,0.44960000000000006,0.0068281769162786094
0.9795918367346939,0.7142857142857143,0.45119999999999993,0.009984788430407525
0.9795918367346939,0.7244897959183674,0.41319999999999996,0.00574247333472259
0.9795918367346939,0.7346938775510203,0.39959999999999996,0.007667072453029253
0.9795918367346939,0.7448979591836734,0.37760000000000005,0.004897346220148219
0.9795918367346939,0.7551020408163265,0.39120000000000005,0.004272704061832504
0.9795918367346939,0.7653061224489797,0.37939999999999996,0.00532954031788859
0.9795918367346939,0.7755102040816326,0.3662,0.004485086398275961
0.9795918367346939,0.7857142857142857,0.35919999999999996,0.004518406798861744
0.9795918367346939,0.7959183673469388,0.34719999999999995,0.0050533157431532
0.9795918367346939,0.8061224489795918,0.3412,0.003765102920240026
0.9795918367346939,0.8163265306122449,0.33399999999999996,0.004345112196480085
0.9795918367346939,0.8265306122448979,0.323,0.0029966648127543417
0.9795918367346939,0.8367346938775511,0.32280000000000003,0.002686261342460932
0.9795918367346939,0.846938775510204,0.31060000000000004,0.003666606060105179
0.9795918367346939,0.8571428571428571,0.31439999999999996,0.0038760804945202087
0.9795918367346939,0.8673469387755102,0.306,0.0031622776601683772
0.9795918367346939,0.8775510204081632,0.30119999999999997,0.004001999500249844
0.9795918367346939,0.8877551020408163,0.2888,0.003911010099705701
0.9795918367346939,0.8979591836734693,0.281,0.0027604347483684475
0.9795918367346939,0.9081632653061225,0.2818,0.0030522123124055397
0.9795918367346939,0.9183673469387755,0.2798,0.002945505050072054
0.9795918367346939,0.9285714285714286,0.27599999999999997,0.003566510900025398
0.9795918367346939,0.9387755102040816,0.2714,0.0033828981657744272
0.9795918367346939,0.9489795918367347,0.27199999999999996,0.002116601048851671
0.9795918367346939,0.9591836734693877,0.272,0.0019999999999999987
0.9795918367346939,0.9693877551020408,0.26460000000000006,0.0013579396157414377
0.9795918367346939,0.9795918367346939,0.2638,0.001660120477555772
0.9897959183673469,0.5,1.0,0.0
0.9897959183673469,0.5102040816326531,1.0,0.0
0.9897959183673469,0.5204081632653061,1.0,0.0
0.9897959183673469,0.5306122448979592,1.0,0.0
0.9897959183673469,0.5408163265306123,1.0,0.0
0.9897959183673469,0.5510204081632653,1.0,0.0
0.9897959183673469,0.5612244897959183,1.0,0.0
0.9897959183673469,0.5714285714285714,1.0,0.0
0.9897959183673469,0.5816326530612245,1.0,0.0
0.9897959183673469,0.5918367346938775,0.9994,0.0005692099788303087
0.9897959183673469,0.6020408163265306,0.8158,0.02477813552307759
0.9897959183673469,0.6122448979591837,0.7356,0.014042222046385677
0.9897959183673469,0.6224489795918368,0.6978,0.014415130939398363
0.9897959183673469,0.6326530612244898,0.6397999999999999,0.011677157188288599
0.9897959183673469,0.6428571428571428,0.609,0.009257429448826496
0.9897959183673469,0.653061224489796,0.5628,0.009458118206070374
0.9897959183673469,0.6632653061224489,0.5398,0.009335737785520755
0.9897959183673469,0.673469387755102,0.524,0.011818629362155322
0.9897959183673469,0.6836734693877551,0.4856000000000001,0.00461995670975389
0.9897959183673469,0.6938775510204082,0.4814,0.006729338749089693
0.9897959183673469,0.7040816326530612,0.45940000000000003,0.008989104516023829
0.9897959183673469,0.7142857142857143,0.4436,0.007983983967919779
0.9897959183673469,0.7244897959183674,0.4312,0.004666476186588766
0.9897959183673469,0.7346938775510204,0.41859999999999997,0.003929885494515074
0.9897959183673469,0.7448979591836735,0.4008,0.005914051065048386
0.9897959183673469,0.7551020408163265,0.3988,0.00677761019829261
0.9897959183673469,0.7653061224489796,0.386,0.005433231082882447
0.9897959183673469,0.7755102040816326,0.372,0.004824935232725931
0.9897959183673469,0.7857142857142857,0.3628,0.004438017575449649
0.9897959183673469,0.7959183673469388,0.3584,0.0021503488089144956
0.9897959183673469,0.8061224489795918,0.34419999999999995,0.0032056200648236484
0.9897959183673469,0.8163265306122449,0.3366,0.0033591665633010775
0.9897959183673469,0.8265306122448979,0.33999999999999997,0.004176122603564216
0.9897959183673469,0.8367346938775511,0.3242,0.003954238232580325
0.9897959183673469,0.846938775510204,0.32520000000000004,0.003733095230502434
0.9897959183673469,0.8571428571428571,0.31839999999999996,0.003356188314144488
0.9897959183673469,0.8673469387755102,0.32039999999999996,0.0026802984908401548
0.9897959183673469,0.8775510204081634,0.3082,0.002390815760362979
0.9897959183673469,0.8877551020408163,0.3012,0.00455367983064247
0.9897959183673469,0.8979591836734694,0.29719999999999996,0.0023013039781828062
0.9897959183673469,0.9081632653061225,0.29479999999999995,0.0018590320061795617
0.9897959183673469,0.9183673469387754,0.28979999999999995,0.00306528954586675
0.9897959183673469,0.9285714285714286,0.2848,0.0023186202793903073
0.9897959183673469,0.9387755102040816,0.281,0.0017720045146669297
0.9897959183673469,0.9489795918367347,0.28040000000000004,0.002294340863951992
0.9897959183673469,0.9591836734693877,0.27640000000000003,0.002867751732629584
0.9897959183673469,0.9693877551020409,0.26799999999999996,0.0018330302779823377
0.9897959183673469,0.9795918367346939,0.26739999999999997,0.0008508818954473065
0.9897959183673469,0.9897959183673469,0.2644,0.0012899612397277692
1.0,0.5,1.0,0.0
1.0,0.5102040816326531,1.0,0.0
1.0,0.5204081632653061,1.0,0.0
1.0,0.5306122448979592,1.0,0.0
1.0,0.5408163265306123,1.0,0.0
1.0,0.5510204081632653,1.0,0.0
1.0,0.5612244897959183,1.0,0.0
1.0,0.5714285714285714,1.0,0.0
1.0,0.5816326530612245,1.0,0.0
1.0,0.5918367346938775,0.9718,0.01830071036872613
1.0,0.6020408163265306,0.8268000000000001,0.024362594278935067
1.0,0.6122448979591837,0.7628,0.021602222107922134
1.0,0.6224489795918368,0.6866000000000001,0.012040099667361557
1.0,0.6326530612244898,0.6474,0.008957901539981343
1.0,0.6428571428571428,0.6012,0.007349557809827745
1.0,0.653061224489796,0.5688000000000001,0.010241874828370042
1.0,0.6632653061224489,0.5554,0.008560607455081672
1.0,0.673469387755102,0.5353999999999999,0.0066876004665350625
1.0,0.6836734693877551,0.5,0.00767854152818099
1.0,0.6938775510204082,0.47800000000000004,0.007488658090739624
1.0,0.7040816326530612,0.466,0.009740636529508738
1.0,0.7142857142857143,0.44799999999999995,0.00488262224629348
1.0,0.7244897959183674,0.4338,0.005806548027873362
1.0,0.7346938775510204,0.4274,0.008114431588226004
1.0,0.7448979591836735,0.4102,0.004275043859424132
1.0,0.7551020408163265,0.3984,0.004514864339047184
1.0,0.7653061224489797,0.38980000000000004,0.005164881411997762
1.0,0.7755102040816326,0.38559999999999994,0.005089597233573594
1.0,0.7857142857142857,0.3698,0.00438588645543863
1.0,0.7959183673469388,0.3665999999999999,0.0037847060652050676
1.0,0.8061224489795918,0.3598,0.0032551497661398032
1.0,0.8163265306122449,0.3494,0.0036116478233626224
1.0,0.8265306122448979,0.34639999999999993,0.004164612827142516
1.0,0.8367346938775511,0.34440000000000004,0.003608877941964783
1.0,0.846938775510204,0.3338,0.0033520143197784797
1.0,0.8571428571428572,0.3242,0.0035037123169575426
1.0,0.8673469387755102,0.31799999999999995,0.0035665109000254003
1.0,0.8775510204081632,0.3136,0.003247152598816387
1.0,0.8877551020408163,0.31179999999999997,0.0036600546444008207
1.0,0.8979591836734694,0.3016,0.0014913081505845808
1.0,0.9081632653061225,0.3016,0.0020938003725283856
1.0,0.9183673469387755,0.2972,0.0025487251715318403
1.0,0.9285714285714286,0.2956,0.0021688706738761552
1.0,0.9387755102040816,0.2872,0.0017933209417167909
1.0,0.9489795918367347,0.2852,0.0015798734126505143
1.0,0.9591836734693877,0.28559999999999997,0.0017618172436436174
1.0,0.9693877551020409,0.2812,0.0013023056476879704
1.0,0.9795918367346939,0.2766,0.0009402127418834535
1.0,0.9897959183673469,0.2736,0.0007899367063252607
1.0,1.0,0.27,0.0
