#Time elapsed: 14.40666913986206
#alpha: 0.27, px1: 0.25, px2: 0.25, T max: 1000, nmin: 4, ncon: 2, n realizations: 10, n nodes: 1000, ns: 50
#s1_s2_x_errx
0.5,0.0
0.4628,0.003823087757297753
0.4343,0.007794934252448828
0.40650000000000003,0.00850793747038611
0.3841,0.009660693556882963
0.36639999999999995,0.013362784141038872
0.3432,0.012485831970677807
0.32320000000000004,0.012116765244899316
0.31079999999999997,0.011073210916441534
0.2944,0.010797407096150444
0.2732,0.012162894392372236
0.265,0.012339367893048655
0.2509,0.012889879751184649
0.23770000000000002,0.01059910373569388
0.22529999999999997,0.011227688987498716
0.20749999999999996,0.010368461795271273
0.19390000000000002,0.010026415112092657
0.1889,0.010590986734011142
0.179,0.00939255023941847
0.17140000000000002,0.010140216960203561
0.1641,0.011278696733222328
0.1604,0.01214018121775783
0.1544,0.013193331648980858
0.1489,0.012618597386397586
0.144,0.011914696806885184
0.143,0.01241370210694618
0.1442,0.014757913131605023
0.1346,0.013137884152328333
0.1308,0.013629233287312973
0.12769999999999998,0.012667320158581293
0.1203,0.010599103735693881
0.1173,0.010537599347099889
0.11739999999999999,0.010918058435454538
0.11760000000000001,0.012069134186013509
0.11300000000000002,0.010895870777500991
0.1125,0.010947374114370986
0.1129,0.01102039019272911
0.11000000000000001,0.01003194896318756
0.10790000000000002,0.010584375276793618
0.10600000000000001,0.011003635762783136
0.1045,0.01194005862632173
0.09830000000000001,0.012176247369366311
0.0945,0.011415121549944177
0.0933,0.011134675567792712
0.0897,0.011097792573300331
0.08739999999999999,0.01082146016025564
0.0865,0.011070907821854537
0.0859,0.011806311871198388
0.0886,0.013220590001962846
0.08910000000000001,0.013106830280430123
0.0853,0.012211510963021732
0.08099999999999999,0.012179490958164056
0.0776,0.011579464581749884
0.073,0.011362218093312589
0.0758,0.011420858111367988
0.07650000000000001,0.011597629068046624
0.0762,0.011268362791461765
0.07390000000000001,0.010594762857185618
0.07470000000000002,0.009488993624194296
0.0729,0.00931928108815267
0.0744,0.009619979209956745
0.07320000000000002,0.008278647232489134
0.0729,0.007838941255042035
0.07160000000000001,0.008169700116895356
0.06770000000000001,0.008666083313700602
0.0679,0.00877661666019429
0.06620000000000001,0.008804317122866485
0.066,0.00854049178911847
0.0636,0.008163577647085866
0.0627,0.007929754094547952
0.0655,0.008377648834846206
0.06720000000000001,0.00910362565135452
0.06430000000000001,0.008769321524496635
0.06710000000000002,0.009962379233897894
0.06760000000000002,0.009699690716718754
0.0663,0.0096923165445625
0.0668,0.010262358403408058
0.06200000000000001,0.008776103919165952
0.06380000000000001,0.009423162950941685
0.0661,0.008842454410399863
0.0659,0.009550340308072796
0.06480000000000001,0.009707522856012238
0.06640000000000001,0.010475877051588568
0.0673,0.00999004504494349
0.0653,0.009976021250979772
0.06580000000000001,0.010641240529186434
0.0632,0.010432449376824218
0.0631,0.009902979349670481
0.0632,0.009469741284744796
0.0601,0.009235204383228343
0.05990000000000001,0.00959734338241578
0.06040000000000001,0.009227350649021636
0.05950000000000001,0.009194835506957154
0.055900000000000005,0.008665390931746817
0.0538,0.008264139398630688
0.0512,0.007052375486316649
0.0494,0.007351462439542216
0.0521,0.00790499841872217
0.054000000000000006,0.008360621986431392
0.05349999999999999,0.008810505093353047
0.055400000000000005,0.009376779831050744
0.0519,0.008805055366095093
0.0498,0.007921868466466734
0.0462,0.00704670135595372
0.044199999999999996,0.006782035092802159
0.041499999999999995,0.0062916611479004484
0.0411,0.005994080413207683
0.0418,0.0065799696047930175
0.0419,0.006285618505763772
0.0411,0.006114654528262409
0.0418,0.0062542785355306964
0.04239999999999999,0.0067575143359078415
0.0402,0.006461888268919543
0.03949999999999999,0.005928321853610851
0.0377,0.005827606712879652
0.039099999999999996,0.006127723884118799
0.039099999999999996,0.006192656941894973
0.0394,0.006485676526007136
0.038799999999999994,0.006089006487104443
0.039400000000000004,0.0060699258644566646
0.0375,0.006221334262037364
0.0374,0.00662600935707157
0.0401,0.007984297088660965
0.042,0.009865089964110818
0.03899999999999999,0.008860022573334674
0.0386,0.00899021690505852
0.0378,0.008859796837399828
0.03610000000000001,0.008523438273373018
0.034600000000000006,0.008677787736514415
0.0346,0.007978972364910157
0.0342,0.008692295439065563
0.0317,0.00800631001148469
0.027800000000000002,0.007268837596204774
0.0273,0.006343579431204436
0.028999999999999998,0.006948381106416084
0.028099999999999997,0.0064380897788086176
0.028199999999999996,0.006178672996687881
0.0288,0.006481975007665487
0.029599999999999994,0.006442359816092235
0.028099999999999997,0.005950546193417877
0.027599999999999996,0.005978628605290681
0.0278,0.0061086823456454175
0.0283,0.006390696362682238
0.027100000000000003,0.006170008103722393
0.027099999999999996,0.006038956863565096
0.024999999999999998,0.0058600341295934446
0.0267,0.006751370231293794
0.0268,0.0065019996924023295
0.029000000000000005,0.006928203230275509
0.0316,0.0072459643940610136
0.029500000000000005,0.006932892614197915
0.028600000000000004,0.006684609188277202
0.029200000000000004,0.006730230308094961
0.028500000000000004,0.006895288246331692
0.027100000000000003,0.006854852296001715
0.0264,0.006491841033173872
0.024900000000000002,0.0066700074962476605
0.025,0.0065299310869258035
0.026600000000000002,0.007103801799036908
0.0262,0.007577334623731487
0.0267,0.008396487360795584
0.024200000000000003,0.007424015086191569
0.0251,0.007763311149245534
0.023700000000000002,0.007643363134118384
0.0228,0.006728744310790833
0.024100000000000003,0.007302670744323612
0.024100000000000003,0.0072324961113021
0.0233,0.006868842697281688
0.0216,0.006935704722665174
0.0216,0.0070017140758531415
0.0214,0.006835495592859379
0.0219,0.0070462046521513975
0.0222,0.007725024271806528
0.0217,0.007474021675109056
0.019700000000000002,0.007112032058420434
0.019200000000000002,0.006855362864210761
0.017400000000000002,0.006043508914529704
0.0187,0.006514675740203805
0.018400000000000003,0.006916935737738206
0.0185,0.006856019253181835
0.0196,0.007459490599229948
0.0181,0.006812415137086113
0.016900000000000002,0.006756404369189281
0.0166,0.006033572739264853
0.0166,0.006285220759846069
0.017599999999999998,0.007619973753235637
0.0179,0.007989305351530881
0.017900000000000006,0.008592380345399057
0.018299999999999997,0.007957449340083793
0.017200000000000003,0.00782278722706939
0.016,0.006276941930590086
0.015,0.005744562646538028
0.014900000000000002,0.00558829133098839
0.0149,0.006352086271454441
0.0165,0.00684726222661291
0.0153,0.006104178896461014
0.014199999999999999,0.005842602159996862
0.014000000000000002,0.005624944444170093
0.013900000000000001,0.005559586315545429
0.015100000000000002,0.005070404323128481
0.015200000000000002,0.00502155354447207
0.0159,0.0053748488350836435
0.016,0.00555517776493246
0.0159,0.005694646608877498
0.015700000000000002,0.006023371149115751
0.0156,0.006045163355940019
0.0154,0.006326452402413221
0.0156,0.005894404125948609
0.0162,0.005869923338511331
0.0162,0.006123397749615813
0.0156,0.0061158809667945626
0.014100000000000001,0.004881495672434833
0.0126,0.004407266726668582
0.0126,0.004463630809105968
0.014800000000000002,0.005784116181405764
0.014600000000000002,0.006235703649148185
0.013800000000000002,0.005658268286322238
0.0162,0.006610295000981423
0.0159,0.00659310245635543
0.014400000000000001,0.005916417835143154
0.014400000000000001,0.005765761007880919
0.013800000000000002,0.005893725477149407
0.0134,0.00575013043330323
0.014100000000000001,0.006221655728180402
0.014800000000000002,0.006864109556235245
0.0168,0.006898985432656021
0.017499999999999998,0.0074943311909736144
0.0174,0.007189158504303545
0.014100000000000001,0.005836865597219111
0.013300000000000001,0.004927575468726989
0.0128,0.004732441230485594
0.0124,0.004675895636132184
0.011300000000000001,0.004521172414319099
0.012199999999999999,0.004782886157959438
0.0116,0.00463292564153581
0.012399999999999998,0.004792076794042432
0.014999999999999996,0.005349766350038102
0.015000000000000003,0.005435071296680477
0.017300000000000003,0.006435914853383316
0.0191,0.0073449982981618174
0.0199,0.007908792575355608
0.0187,0.00752469268475464
0.0187,0.007432428943488123
0.018,0.007226340706055864
0.017800000000000003,0.007048120316793691
0.0182,0.007086324858486237
0.0185,0.0072225341812967555
0.0201,0.008368333167363736
0.019499999999999997,0.008304516843260657
0.016,0.00665432190384565
0.0154,0.006487218201972244
0.0165,0.0068923871046249275
0.0152,0.006178672996687881
0.015400000000000002,0.006386235197673195
0.016900000000000002,0.006659504486071016
0.0177,0.006460727513213971
0.0154,0.005320150373814635
0.0154,0.005372522684921861
0.014499999999999999,0.005097548430373172
0.014499999999999999,0.0052368883891104655
0.014599999999999998,0.005687178562345304
0.0137,0.005564260957216151
0.0144,0.005985315363454127
0.0157,0.00667240586295528
0.014400000000000001,0.005764026370515666
0.015599999999999998,0.0059062678571158616
0.0144,0.005060039525537326
0.013799999999999998,0.00463637789659126
0.013699999999999999,0.004597934318800128
0.0155,0.005173490117899134
0.0175,0.0058142067386703754
0.0167,0.005706224671356711
0.0168,0.0058374652033224145
0.015600000000000003,0.005510353890631708
0.015099999999999999,0.005527114979806371
0.014400000000000001,0.0058620815415686605
0.014500000000000002,0.006465678618675691
0.014300000000000002,0.006460727513213972
0.0132,0.005733759674070756
0.015400000000000002,0.00776814006052929
0.0161,0.008280640071878502
0.015400000000000002,0.008521971602862803
0.0167,0.0096042178234357
0.016900000000000002,0.008780034168498435
0.0166,0.008689303769577859
0.016300000000000002,0.008366660026557789
0.015700000000000002,0.00850535125670892
0.0142,0.006909124401832696
0.014299999999999998,0.006721681337284592
0.014099999999999998,0.006587032715874423
0.014000000000000002,0.006170899448216605
0.014400000000000001,0.006663632642935833
0.014100000000000001,0.00595894285926623
0.013600000000000001,0.005846708475715203
0.0127,0.005190472040190565
0.0128,0.005069122211981085
0.0108,0.004170851232062827
0.0114,0.004169412428628283
0.013300000000000001,0.004722393460947531
0.014900000000000002,0.005548783650494943
0.014800000000000002,0.005667098022797912
0.014800000000000002,0.005560215823149314
0.0137,0.005308577964012583
0.015100000000000002,0.005896524400017352
0.0157,0.005988405463894373
0.018099999999999998,0.006754924129847796
0.0167,0.006071326049554578
0.0183,0.00641100616128233
0.0187,0.006525411864395993
0.0184,0.00645631473830079
0.0174,0.005779619364629473
0.0165,0.005618273756235094
0.016400000000000005,0.005793444571237391
0.014800000000000002,0.005102548382916129
0.0158,0.005454906048686815
0.0172,0.0060577223442478765
0.016800000000000002,0.005733759674070756
0.015900000000000004,0.005648805183399407
0.0162,0.005431022003269735
0.0162,0.0053175182181164175
0.0167,0.005464521937004188
0.0172,0.005698771797501633
0.018,0.005986651818838306
0.0199,0.006790360815155553
0.0196,0.006744182678427385
0.0188,0.006667533277007323
0.0199,0.007626860428774083
0.0198,0.0073140959796819715
0.020700000000000003,0.007581622517640929
0.021200000000000004,0.007740542616638707
0.0214,0.00767489413607771
0.0226,0.0081709240603496
0.0241,0.009049254112908975
0.0246,0.009663539724138356
0.0225,0.008531412544239083
0.0227,0.00849358581519019
0.0223,0.008372633994150228
0.021200000000000004,0.007940780818030428
0.0196,0.007451442813308036
0.018400000000000003,0.007008851546437546
0.0193,0.00735397851506244
0.0191,0.007442378652017108
0.0185,0.007230836742729017
0.0176,0.006838420870347189
0.0177,0.006893547707820698
0.0196,0.0076212859807253
0.0201,0.007902467968932236
0.020200000000000003,0.007958391797341972
0.0206,0.008223381299684456
0.0199,0.008023029353056113
0.0194,0.007744933827993626
0.018300000000000004,0.00737163482546443
0.0184,0.007697012407421467
0.0175,0.007294175758781795
0.0171,0.0070872420587983305
0.016300000000000002,0.006714238601658418
0.0162,0.006447945409198188
0.016,0.006351377803280167
0.016300000000000002,0.006476187149859088
0.0152,0.006146218349521924
0.0139,0.005548783650494944
0.0126,0.005431758462965745
0.0118,0.005013581554138718
0.012,0.004888762624632126
0.0107,0.004370469082375483
0.011399999999999999,0.00484809240836022
0.0129,0.005554187609362866
0.013000000000000001,0.00547722557505166
0.013000000000000001,0.00571489282489182
0.011899999999999999,0.005309331408002329
0.011100000000000002,0.004932443613463818
0.0118,0.005511442642357806
0.011000000000000001,0.005140038910358559
0.010700000000000001,0.005041924235844882
0.0127,0.005605443782609901
0.0109,0.004825867797609047
0.011,0.004898979485566357
0.010100000000000001,0.004805101455744717
0.01,0.004793745925682753
0.010499999999999999,0.00529386437302657
0.010400000000000001,0.005415163894103299
0.0111,0.005550585554696008
0.0115,0.0058536313515628905
0.012,0.0059413803110051795
0.012100000000000001,0.006106471976518028
0.0125,0.006354919354327008
0.014500000000000002,0.007834858007647619
0.0158,0.008875584487795718
0.0154,0.00840856705985033
0.0158,0.008600930182253544
0.015300000000000003,0.00811917483492011
0.015500000000000003,0.008227089400267873
0.0161,0.00856323536988211
0.0162,0.008798636257966345
0.016300000000000002,0.008903987870611684
0.015000000000000003,0.008268010643437754
0.014500000000000002,0.007932527970325728
0.013900000000000001,0.0077800385603157525
0.013600000000000001,0.007766852644411377
0.014600000000000002,0.00832970587716037
0.0161,0.008878569704631483
0.0178,0.009853730258130673
0.0172,0.009367817248430927
0.0155,0.008446596947883803
0.0153,0.00849358581519019
0.0168,0.009079427294714133
0.0178,0.00971267213489676
0.015999999999999997,0.00892524509467387
0.016,0.008594184079946159
0.017499999999999998,0.009450132274206536
0.0179,0.009347138599592925
0.0188,0.010077499689903244
0.0199,0.010885265270079547
0.0194,0.010400192305914347
0.021,0.01133666617661471
0.019,0.009851903369400249
0.0191,0.009831022327306553
0.0185,0.009559550198623363
0.0174,0.009045661943716445
0.0183,0.010065833298838202
0.0195,0.011233209692692469
0.018,0.010202940752547768
0.0184,0.01017467444196619
0.0206,0.011645771764893901
0.019700000000000002,0.010258703621803292
0.0184,0.00998218412973834
0.0182,0.009586240138865705
0.0162,0.008373529721688458
0.017099999999999997,0.008877443325642807
0.0167,0.008460555537315501
0.0183,0.00924234818647296
0.019200000000000002,0.010428614481320134
0.0182,0.009671401139442
0.017599999999999998,0.009128198069717814
0.0173,0.009193530333881537
0.016999999999999998,0.008511169132381284
0.014599999999999998,0.007311908095702515
0.0153,0.007647287100665177
0.0144,0.007144508380567553
0.0155,0.0075633987069306345
0.0156,0.007657937059025752
0.0144,0.00707559184803646
0.0155,0.00778363668216856
0.0142,0.007209438258283373
0.0154,0.007698311503180422
0.0142,0.0069033325285690825
0.0137,0.006619743197435984
0.0126,0.006156622450662375
0.0123,0.006003415694419304
0.0142,0.006909124401832695
0.014300000000000002,0.0069369301567768415
0.013800000000000002,0.0067064148395398265
0.013600000000000001,0.006720416653749974
0.013500000000000002,0.006698134068529832
0.0134,0.006616947936926812
0.014099999999999998,0.006881060964705951
0.0157,0.007642054697527361
0.0158,0.007717253397420613
0.014599999999999998,0.007154299406650521
0.0165,0.008071245257083939
0.0161,0.00799305948933198
0.0172,0.008440142178897225
0.0164,0.008012739856004312
0.0164,0.007923635529225204
0.018099999999999998,0.008748085504840472
0.017599999999999998,0.0085313539370958
0.0184,0.008969057921543375
0.0198,0.009759918032442689
0.017599999999999998,0.008698505618783032
0.0181,0.009091149542274616
0.016800000000000002,0.008495645943658436
0.015,0.007573638491504596
0.0159,0.008114739675430136
0.014400000000000001,0.007232150440913131
0.0134,0.006770819743576104
0.0139,0.007154648838342801
0.014100000000000001,0.007357241330825025
0.0121,0.006268093809125705
0.0123,0.006219405116247052
0.011,0.005551576352712803
0.0098,0.004869907596659303
0.009,0.0043772137256478565
0.0081,0.004043389667098634
0.0078,0.0039033319100481314
0.0075,0.004000624951179504
0.008900000000000002,0.004721122747821751
0.0078,0.004601738801800901
0.007400000000000001,0.004528134273627494
0.007200000000000001,0.004408627904461886
0.007300000000000001,0.004643382387872014
0.0071,0.004490990981954874
0.006500000000000001,0.004140652122552678
0.0057,0.003687953361961076
0.005,0.003358571124749334
0.0047,0.003072621030976648
0.0043,0.002764235879949467
0.004200000000000001,0.002834783942384322
0.0042,0.002945505050072058
0.0038,0.002719558787744806
0.0038,0.002548725171531838
0.0031,0.001992234925906079
0.0029,0.0018354835875049383
0.003,0.0019026297590440447
0.0025,0.0015953056133543814
0.0023,0.001456365338780074
0.0019999999999999996,0.0012727922061357851
0.002,0.001334166406412633
0.0024000000000000002,0.0017389652095427324
0.002,0.0016062378404209008
0.0018,0.0017076299364909247
0.0017000000000000001,0.0016127616066858737
0.002,0.0018973665961010272
0.0019,0.0018024982662959755
0.0017000000000000001,0.0016127616066858737
0.0016,0.001517893276880822
0.0017000000000000001,0.0016127616066858737
0.0021000000000000003,0.0019922349259060786
0.0023,0.002181971585516182
0.0021999999999999997,0.00208710325571113
0.0023,0.002181971585516182
0.0021000000000000003,0.0019922349259060786
0.0024000000000000002,0.002276839915321234
0.0021999999999999997,0.00208710325571113
0.0023,0.002181971585516182
0.0021999999999999997,0.00208710325571113
0.0021999999999999997,0.00208710325571113
0.0021999999999999997,0.00208710325571113
0.0021000000000000003,0.0019922349259060786
0.0021000000000000003,0.0019922349259060786
0.0023,0.002181971585516182
0.002,0.0018973665961010272
0.0021000000000000003,0.0019922349259060786
0.0017000000000000001,0.0016127616066858737
0.0017000000000000001,0.0016127616066858737
0.0019,0.0018024982662959755
0.0026,0.002466576574931335
0.0026,0.002466576574931335
0.0019,0.0018024982662959755
0.0021000000000000003,0.0019922349259060786
0.0028,0.002656313234541438
0.0038,0.003604996532591951
0.0036,0.0034152598729818495
0.0033,0.003130654883566695
0.0032,0.003035786553761644
0.003,0.002846049894151541
0.0033,0.003130654883566695
0.0032,0.003035786553761644
0.0029000000000000002,0.0027511815643464902
0.0024000000000000002,0.002276839915321234
0.0028,0.002656313234541438
0.0032,0.003035786553761644
0.0033,0.003130654883566695
0.0032,0.003035786553761644
0.0034000000000000002,0.0032255232133717475
0.0031,0.0029409182239565923
0.0034000000000000002,0.0032255232133717475
0.0038,0.003604996532591951
0.0041,0.003889601522007106
0.0043,0.004079338181617208
0.0052,0.00493315314986267
0.0059,0.0055972314584980315
0.0045,0.004269074841227312
0.0054,0.005122889809472773
0.0048000000000000004,0.004553679830642468
0.0048000000000000004,0.004553679830642468
0.0049,0.004648548160447518
0.0047,0.004458811500837414
0.004399999999999999,0.00417420651142226
0.0052,0.00493315314986267
0.0046,0.004363943171032364
0.0048000000000000004,0.004553679830642468
0.0041,0.003889601522007106
0.0035000000000000005,0.0033203915431767993
0.004200000000000001,0.003984469851812157
0.0049,0.004648548160447518
0.0060999999999999995,0.005786968118108135
0.0083,0.007874071373819265
0.008400000000000001,0.007968939703624315
0.0085,0.008063808033429369
0.0087,0.008253544693039468
0.0078,0.0073997297247940085
0.0091,0.008633018012259675
0.0089,0.008443281352649571
0.0104,0.00986630629972534
0.0104,0.00986630629972534
0.0134,0.012712356193876884
0.015,0.014230249470757706
0.0157,0.014894327779393063
0.0167,0.01584301107744358
0.0158,0.014989196109198114
0.0137,0.012996961183292043
0.0149,0.014135381140952658
0.014000000000000002,0.013281566172707197
0.013900000000000001,0.013186697842902141
0.0137,0.012996961183292043
0.015,0.014230249470757706
0.0157,0.014894327779393063
0.013600000000000001,0.01290209285348699
0.0131,0.012427751204461733
0.0123,0.011668804566021318
0.0114,0.010814989597775857
0.011300000000000001,0.010720121267970804
0.0092,0.008727886342064728
0.010499999999999999,0.009961174629530393
0.01,0.009486832980505136
0.0099,0.009391964650700088
0.0108,0.010245779618945546
0.0104,0.00986630629972534
0.011,0.01043551627855565
0.0112,0.010625252938165752
0.0108,0.010245779618945546
0.0094,0.008917623001674828
0.010100000000000001,0.009581701310310187
0.01,0.009486832980505136
0.009,0.008538149682454624
0.009600000000000001,0.009107359661284935
0.0095,0.009012491331479881
0.0092,0.008727886342064728
0.008400000000000001,0.007968939703624315
0.0066,0.00626130976713339
0.006,0.005692099788303082
0.006500000000000001,0.00616644143732834
0.0070999999999999995,0.006735651416158646
0.0067,0.006356178096938442
0.0066,0.00626130976713339
0.0054,0.005122889809472773
0.0055,0.005217758139277825
0.0053,0.0050280214796677245
0.0055,0.005217758139277825
0.007299999999999999,0.00692538807576875
0.0062,0.0058818364479131845
0.0052,0.00493315314986267
0.0056,0.005312626469082876
0.0058000000000000005,0.0055023631286929804
0.006900000000000001,0.006545914756548545
0.0086,0.008158676363234417
0.0089,0.008443281352649571
0.0092,0.008727886342064728
0.0086,0.008158676363234417
0.0077,0.007304861394988957
0.0075,0.007115124735378853
0.0082,0.007779203044014212
0.0077,0.007304861394988957
0.0070999999999999995,0.006735651416158646
0.0079,0.007494598054599057
0.0072,0.006830519745963699
0.006900000000000001,0.006545914756548545
0.006500000000000001,0.00616644143732834
0.0064,0.006071573107523288
0.0059,0.0055972314584980315
0.0050999999999999995,0.004838284820057619
0.0043,0.004079338181617208
0.004200000000000001,0.003984469851812157
0.0036,0.0034152598729818495
0.0034000000000000002,0.0032255232133717475
0.0034000000000000002,0.0032255232133717475
0.0056,0.005312626469082876
0.0050999999999999995,0.004838284820057619
0.0043,0.004079338181617208
0.0032,0.003035786553761644
0.0031,0.0029409182239565923
0.0031,0.0029409182239565923
0.0028,0.002656313234541438
0.0023,0.002181971585516182
0.002,0.0018973665961010272
0.0025,0.002371708245126284
0.0032,0.003035786553761644
0.0033,0.003130654883566695
0.0028,0.002656313234541438
0.0033,0.003130654883566695
0.0036999999999999997,0.0035101282027869005
0.0034000000000000002,0.0032255232133717475
0.0032,0.003035786553761644
0.0027,0.0025614449047363865
0.0029000000000000002,0.0027511815643464902
0.0035000000000000005,0.0033203915431767993
0.0036999999999999997,0.0035101282027869005
0.0036,0.0034152598729818495
0.0036,0.0034152598729818495
0.0031,0.0029409182239565923
0.0024000000000000002,0.002276839915321234
0.0026,0.002466576574931335
0.0025,0.002371708245126284
0.0021999999999999997,0.00208710325571113
0.0021999999999999997,0.00208710325571113
0.0023,0.002181971585516182
0.0021999999999999997,0.00208710325571113
0.002,0.0018973665961010272
0.0016,0.001517893276880822
0.0015,0.0014230249470757704
0.0013,0.0012332882874656675
0.0010999999999999998,0.001043551627855565
0.0010999999999999998,0.001043551627855565
0.0009,0.0008538149682454624
0.0007,0.0006640783086353595
0.0005,0.0004743416490252568
0.0006000000000000001,0.0005692099788303085
0.0004,0.0003794733192202055
0.00030000000000000003,0.00028460498941515423
0.0006000000000000001,0.0005692099788303085
0.001,0.0009486832980505136
0.0009,0.0008538149682454624
0.0008,0.000758946638440411
0.0009,0.0008538149682454624
0.0006000000000000001,0.0005692099788303085
0.0004,0.0003794733192202055
0.0004,0.0003794733192202055
0.0004,0.0003794733192202055
0.0004,0.0003794733192202055
0.0005,0.0004743416490252568
0.0005,0.0004743416490252568
0.0005,0.0004743416490252568
0.0006000000000000001,0.0005692099788303085
0.0006000000000000001,0.0005692099788303085
0.0006000000000000001,0.0005692099788303085
0.0004,0.0003794733192202055
0.0005,0.0004743416490252568
0.0005,0.0004743416490252568
0.0005,0.0004743416490252568
0.0006000000000000001,0.0005692099788303085
0.0006000000000000001,0.0005692099788303085
0.0004,0.0003794733192202055
0.0004,0.0003794733192202055
0.00030000000000000003,0.00028460498941515423
0.00030000000000000003,0.00028460498941515423
0.00030000000000000003,0.00028460498941515423
0.0002,0.00018973665961010276
0.0001,9.486832980505138e-05
0.0002,0.00018973665961010276
0.0002,0.00018973665961010276
0.0002,0.00018973665961010276
0.0002,0.00018973665961010276
0.0002,0.00018973665961010276
0.0001,9.486832980505138e-05
0.0001,9.486832980505138e-05
0.0001,9.486832980505138e-05
0.0001,9.486832980505138e-05
0.0001,9.486832980505138e-05
0.0001,9.486832980505138e-05
0.0001,9.486832980505138e-05
0.0001,9.486832980505138e-05
0.0,0.0
0.0,0.0
0.0,0.0
0.0,0.0
0.0,0.0
0.0,0.0
0.0,0.0
0.0,0.0
0.0,0.0
0.0,0.0
0.0,0.0
0.0,0.0
0.0,0.0
0.0,0.0
0.0,0.0
0.0,0.0
0.0,0.0
0.0,0.0
0.0,0.0
0.0,0.0
0.0,0.0
0.0,0.0
0.0,0.0
0.0,0.0
0.0,0.0
0.0,0.0
0.0,0.0
0.0,0.0
0.0,0.0
0.0,0.0
0.0,0.0
0.0,0.0
0.0,0.0
0.0,0.0
0.0,0.0
0.0,0.0
0.0,0.0
0.0,0.0
0.0,0.0
0.0,0.0
0.0,0.0
0.0,0.0
0.0,0.0
0.0,0.0
0.0,0.0
0.0,0.0
0.0,0.0
0.0,0.0
0.0,0.0
0.0,0.0
0.0,0.0
0.0,0.0
0.0,0.0
0.0,0.0
0.0,0.0
0.0,0.0
0.0,0.0
0.0,0.0
0.0,0.0
0.0,0.0
0.0,0.0
0.0,0.0
0.0,0.0
0.0,0.0
0.0,0.0
0.0,0.0
0.0,0.0
0.0,0.0
0.0,0.0
0.0,0.0
0.0,0.0
0.0,0.0
0.0,0.0
0.0,0.0
0.0,0.0
0.0,0.0
0.0,0.0
0.0,0.0
0.0,0.0
0.0,0.0
0.0,0.0
0.0,0.0
0.0,0.0
0.0,0.0
0.0,0.0
0.0,0.0
0.0,0.0
0.0,0.0
0.0,0.0
0.0,0.0
0.0,0.0
0.0,0.0
0.0,0.0
0.0,0.0
0.0,0.0
0.0,0.0
0.0,0.0
0.0,0.0
0.0,0.0
0.0,0.0
0.0,0.0
0.0,0.0
0.0,0.0
0.0,0.0
0.0,0.0
0.0,0.0
0.0,0.0
0.0,0.0
0.0,0.0
0.0,0.0
0.0,0.0
0.0,0.0
0.0,0.0
0.0,0.0
0.0,0.0
0.0,0.0
0.0,0.0
0.0,0.0
0.0,0.0
0.0,0.0
0.0,0.0
0.0,0.0
0.0,0.0
0.0,0.0
0.0,0.0
0.0,0.0
0.0,0.0
0.0,0.0
0.0,0.0
0.0,0.0
0.0,0.0
0.0,0.0
0.0,0.0
0.0,0.0
0.0,0.0
0.0,0.0
0.0,0.0
0.0,0.0
0.0,0.0
0.0,0.0
0.0,0.0
0.0,0.0
0.0,0.0
0.0,0.0
0.0,0.0
0.0,0.0
0.0,0.0
0.0,0.0
0.0,0.0
0.0,0.0
0.0,0.0
0.0,0.0
0.0,0.0
0.0,0.0
0.0,0.0
0.0,0.0
0.0,0.0
0.0,0.0
0.0,0.0
0.0,0.0
0.0,0.0
0.0,0.0
0.0,0.0
0.0,0.0
0.0,0.0
0.0,0.0
0.0,0.0
0.0,0.0
0.0,0.0
0.0,0.0
0.0,0.0
0.0,0.0
0.0,0.0
0.0,0.0
0.0,0.0
0.0,0.0
0.0,0.0
0.0,0.0
0.0,0.0
0.0,0.0
0.0,0.0
0.0,0.0
0.0,0.0
0.0,0.0
0.0,0.0
0.0,0.0
0.0,0.0
0.0,0.0
0.0,0.0
0.0,0.0
0.0,0.0
0.0,0.0
0.0,0.0
0.0,0.0
0.0,0.0
0.0,0.0
0.0,0.0
0.0,0.0
0.0,0.0
0.0,0.0
0.0,0.0
0.0,0.0
0.0,0.0
0.0,0.0
0.0,0.0
0.0,0.0
0.0,0.0
0.0,0.0
0.0,0.0
0.0,0.0
0.0,0.0
0.0,0.0
0.0,0.0
0.0,0.0
0.0,0.0
0.0,0.0
0.0,0.0
0.0,0.0
0.0,0.0
0.0,0.0
0.0,0.0
0.0,0.0
0.0,0.0
0.0,0.0
0.0,0.0
0.0,0.0
0.0,0.0
0.0,0.0
0.0,0.0
0.0,0.0
0.0,0.0
0.0,0.0
0.0,0.0
0.0,0.0
0.0,0.0
0.0,0.0
0.0,0.0
0.0,0.0
0.0,0.0
0.0,0.0
0.0,0.0
0.0,0.0
0.0,0.0
0.0,0.0
0.0,0.0
0.0,0.0
0.0,0.0
0.0,0.0
0.0,0.0
0.0,0.0
0.0,0.0
0.0,0.0
0.0,0.0
0.0,0.0
0.0,0.0
0.0,0.0
0.0,0.0
0.0,0.0
0.0,0.0
